[38;2;0;0;0m [38;2;0;0;0m [38;2;0;0;0m [38;2;0;0;0m [38;2;1;1;1m╲[38;2;72;84;66m▁[38;2;144;166;121m▂[38;2;124;143;106m▃[38;2;84;99;75m▂[38;2;17;20;17m▁[38;2;0;0;0m [38;2;0;0;0m [38;2;7;7;7m▁[38;2;40;47;41m▁[38;2;35;42;36m▂[38;2;42;50;42m▂[38;2;34;41;35m▂[38;2;42;50;43m▁[38;2;8;9;9m▁[38;2;0;0;0m [38;2;0;0;0m [38;2;0;0;0m [38;2;0;0;0m [38;2;0;0;0m [38;2;0;0;0m [38;2;0;0;0m [38;2;0;0;0m [38;2;0;0;0m [0m
[38;2;0;0;0m [38;2;0;0;0m [38;2;0;0;0m [38;2;0;0;0m [38;2;25;30;26m▐[38;2;118;136;101m▇[38;2;255;214;167m▓[38;2;226;219;169m▓[38;2;129;150;110m▇[38;2;106;125;92m▌[38;2;165;144;80m▂[38;2;126;143;109m▃[38;2;136;157;116m▅[38;2;108;127;94m▇[38;2;106;123;89m▇[38;2;138;144;98m▇[38;2;130;139;98m▇[38;2;110;127;95m▇[38;2;138;158;117m▅[38;2;116;134;100m▄[38;2;53;63;50m▂[38;2;5;5;5m▏[38;2;0;0;0m [38;2;0;0;0m [38;2;0;0;0m [38;2;0;0;0m [38;2;0;0;0m [38;2;0;0;0m [0m
[38;2;0;0;0m [38;2;0;0;0m [38;2;0;0;0m [38;2;0;0;0m [38;2;12;14;13m⏉[38;2;85;99;76m▝[38;2;128;148;108m▀[38;2;134;157;115m▉[38;2;110;130;95m▇[38;2;116;136;101m▙[38;2;133;149;113m▇[38;2;114;131;99m▛[38;2;117;108;67m▜[38;2;164;140;79m▙[38;2;164;142;79m▛[38;2;114;103;61m▀[38;2;19;23;20m▀[38;2;43;49;44m⏟[38;2;36;42;35m▀[38;2;102;118;88m▜[38;2;131;152;111m▇[38;2;133;154;113m▖[38;2;12;14;12m▖[38;2;0;0;0m [38;2;0;0;0m [38;2;0;0;0m [38;2;0;0;0m [38;2;0;0;0m [0m
[38;2;0;0;0m [38;2;0;0;0m [38;2;0;0;0m [38;2;0;0;0m [38;2;0;0;0m [38;2;0;0;0m [38;2;147;175;129m▕[38;2;117;139;101m▉[38;2;112;128;98m▇[38;2;149;169;128m▛[38;2;102;118;90m▘[38;2;6;6;6m╲[38;2;154;157;104m▗[38;2;144;128;74m▇[38;2;178;153;85m▌[38;2;8;8;8m▏[38;2;0;0;0m [38;2;0;0;0m [38;2;0;0;0m [38;2;30;35;30m▂[38;2;93;108;81m▟[38;2;118;137;101m▇[38;2;41;49;40m▙[38;2;4;5;4m▏[38;2;0;0;0m [38;2;0;0;0m [38;2;0;0;0m [38;2;0;0;0m [0m
[38;2;0;0;0m [38;2;0;0;0m [38;2;0;0;0m [38;2;0;0;0m [38;2;0;0;0m [38;2;0;0;0m [38;2;55;66;52m▐[38;2;141;159;121m▇[38;2;98;112;86m▇[38;2;126;144;109m▊[38;2;38;45;39m▎[38;2;105;121;93m▁[38;2;121;138;105m▇[38;2;99;97;65m▇[38;2;170;147;82m▌[38;2;19;22;19m▁[38;2;0;0;0m [38;2;0;0;0m [38;2;23;28;24m▐[38;2;118;135;101m▇[38;2;108;86;67m▇[38;2;139;116;88m▛[38;2;135;155;115m▇[38;2;151;176;133m▏[38;2;0;0;0m [38;2;0;0;0m [38;2;0;0;0m [38;2;0;0;0m [0m
[38;2;0;0;0m [38;2;0;0;0m [38;2;0;0;0m [38;2;0;0;0m [38;2;0;0;0m [38;2;0;0;0m [38;2;62;71;56m▐[38;2;144;162;123m▇[38;2;130;123;78m▇[38;2;169;145;79m▙[38;2;103;115;85m▇[38;2;146;167;124m▀[38;2;124;142;107m▜[38;2;106;122;92m▇[38;2;127;134;95m▇[38;2;122;139;105m▆[38;2;148;168;127m▄[38;2;130;148;112m▄[38;2;149;171;127m▃[38;2;120;139;103m▟[38;2;101;117;87m▇[38;2;105;116;87m▇[38;2;119;137;101m▇[38;2;92;109;86m▏[38;2;0;0;0m [38;2;0;0;0m [38;2;0;0;0m [38;2;0;0;0m [0m
[38;2;0;0;0m [38;2;0;0;0m [38;2;0;0;0m [38;2;0;0;0m [38;2;0;0;0m [38;2;0;0;0m [38;2;248;206;107m▕[38;2;111;113;78m▇[38;2;117;134;101m▇[38;2;131;124;78m▇[38;2;216;180;96m▌[38;2;35;38;35m▏[38;2;28;34;29m▝[38;2;118;135;102m▀[38;2;94;103;75m▇[38;2;133;123;76m▇[38;2;255;229;124m▦[38;2;137;124;75m▇[38;2;140;128;77m▇[38;2;118;119;78m▇[38;2;119;135;99m▛[38;2;103;120;90m▀[38;2;29;35;29m▘[38;2;0;0;0m [38;2;0;0;0m [38;2;0;0;0m [38;2;0;0;0m [38;2;0;0;0m [0m
[38;2;0;0;0m [38;2;0;0;0m [38;2;0;0;0m [38;2;0;0;0m [38;2;0;0;0m [38;2;0;0;0m [38;2;158;181;137m▕[38;2;147;167;125m▇[38;2;114;105;64m▇[38;2;152;137;80m▇[38;2;101;111;80m▌[38;2;6;6;6m▏[38;2;0;0;0m [38;2;0;0;0m [38;2;4;5;5m⏉[38;2;30;36;31m⏉[38;2;42;49;43m⏟[38;2;35;40;36m⏟[38;2;41;46;42m⏟[38;2;13;15;14m⏋[38;2;0;0;0m [38;2;0;0;0m [38;2;0;0;0m [38;2;0;0;0m [38;2;0;0;0m [38;2;0;0;0m [38;2;0;0;0m [38;2;0;0;0m [0m
[38;2;0;0;0m [38;2;0;0;0m [38;2;0;0;0m [38;2;0;0;0m [38;2;0;0;0m [38;2;0;0;0m [38;2;81;78;51m▐[38;2;128;134;93m▇[38;2;137;159;116m▙[38;2;109;127;95m▟[38;2;125;145;107m▋[38;2;31;33;31m▏[38;2;0;0;0m [38;2;0;0;0m [38;2;0;0;0m [38;2;0;0;0m [38;2;0;0;0m [38;2;0;0;0m [38;2;0;0;0m [38;2;0;0;0m [38;2;0;0;0m [38;2;0;0;0m [38;2;0;0;0m [38;2;0;0;0m [38;2;0;0;0m [38;2;0;0;0m [38;2;0;0;0m [38;2;0;0;0m [0m
[38;2;0;0;0m [38;2;0;0;0m [38;2;0;0;0m [38;2;0;0;0m [38;2;0;0;0m [38;2;0;0;0m [38;2;255;233;123m▕[38;2;176;152;83m▊[38;2;124;143;106m▟[38;2;110;127;95m▇[38;2;93;109;81m▊[38;2;35;40;36m▏[38;2;0;0;0m [38;2;0;0;0m [38;2;0;0;0m [38;2;0;0;0m [38;2;0;0;0m [38;2;0;0;0m [38;2;0;0;0m [38;2;0;0;0m [38;2;0;0;0m [38;2;0;0;0m [38;2;0;0;0m [38;2;0;0;0m [38;2;0;0;0m [38;2;0;0;0m [38;2;0;0;0m [38;2;0;0;0m [0m
[38;2;0;0;0m [38;2;0;0;0m [38;2;0;0;0m [38;2;0;0;0m [38;2;0;0;0m [38;2;0;0;0m╲[38;2;113;132;97m▗[38;2;121;140;104m▇[38;2;93;108;81m▇[38;2;107;125;93m▟[38;2;118;138;101m▊[38;2;59;69;60m▏[38;2;0;0;0m [38;2;0;0;0m [38;2;0;0;0m [38;2;0;0;0m [38;2;0;0;0m [38;2;0;0;0m [38;2;0;0;0m [38;2;0;0;0m [38;2;0;0;0m [38;2;0;0;0m [38;2;0;0;0m [38;2;0;0;0m [38;2;0;0;0m [38;2;0;0;0m [38;2;0;0;0m [38;2;0;0;0m [0m
[38;2;0;0;0m [38;2;0;0;0m [38;2;0;0;0m [38;2;0;0;0m [38;2;33;40;34m▗[38;2;125;144;106m▄[38;2;102;119;88m▇[38;2;92;104;76m▙[38;2;124;108;60m▇[38;2;91;100;71m▇[38;2;119;138;102m▙[38;2;125;145;107m▄[38;2;51;61;48m▖[38;2;0;0;0m [38;2;0;0;0m [38;2;0;0;0m [38;2;0;0;0m [38;2;0;0;0m [38;2;0;0;0m [38;2;0;0;0m [38;2;0;0;0m [38;2;0;0;0m [38;2;0;0;0m [38;2;0;0;0m [38;2;0;0;0m [38;2;0;0;0m [38;2;0;0;0m [38;2;0;0;0m [0m
[38;2;0;0;0m [38;2;0;0;0m [38;2;0;0;0m [38;2;0;0;0m [38;2;174;201;150m⎝[38;2;107;125;93m▇[38;2;103;119;89m▇[38;2;111;130;96m▙[38;2;127;75;47m▇[38;2;227;251;188m▓[38;2;109;127;94m▇[38;2;101;118;87m▇[38;2;91;106;80m▎[38;2;0;0;0m [38;2;0;0;0m [38;2;0;0;0m [38;2;0;0;0m [38;2;0;0;0m [38;2;0;0;0m [38;2;0;0;0m [38;2;0;0;0m [38;2;0;0;0m [38;2;0;0;0m [38;2;0;0;0m [38;2;0;0;0m [38;2;0;0;0m [38;2;0;0;0m [38;2;0;0;0m [0m
[38;2;0;0;0m [38;2;0;0;0m [38;2;0;0;0m [38;2;0;0;0m [38;2;0;0;0m [38;2;20;22;20m⏉[38;2;13;15;14m▀[38;2;65;76;59m▀[38;2;124;144;106m▀[38;2;84;99;74m▀[38;2;24;29;25m▘[38;2;8;9;8m▘[38;2;0;0;0m [38;2;0;0;0m [38;2;0;0;0m [38;2;0;0;0m [38;2;0;0;0m [38;2;0;0;0m [38;2;0;0;0m [38;2;0;0;0m [38;2;0;0;0m [38;2;0;0;0m [38;2;0;0;0m [38;2;0;0;0m [38;2;0;0;0m [38;2;0;0;0m [38;2;0;0;0m [38;2;0;0;0m [0m
