[38;2;0;0;0m [38;2;0;0;0m [38;2;0;0;0m [38;2;0;0;0m [38;2;0;0;0m [38;2;0;0;0m [38;2;0;0;0m [38;2;0;0;0m [38;2;0;0;0m [38;2;0;0;0m [38;2;0;0;0m [38;2;0;0;0m [38;2;22;27;22m▂[38;2;99;116;85m▃[38;2;80;95;71m▂[38;2;13;15;13m▁[38;2;0;0;0m [38;2;0;0;0m [38;2;0;0;0m [38;2;0;0;0m [38;2;0;0;0m [38;2;0;0;0m [38;2;0;0;0m [38;2;0;0;0m [38;2;0;0;0m [38;2;0;0;0m [38;2;0;0;0m [38;2;0;0;0m [0m
[38;2;0;0;0m [38;2;0;0;0m [38;2;0;0;0m [38;2;0;0;0m [38;2;0;0;0m [38;2;0;0;0m [38;2;0;0;0m [38;2;14;17;15m▂[38;2;96;113;83m▂[38;2;124;145;105m▃[38;2;132;154;111m▃[38;2;136;157;114m▂[38;2;100;118;86m▇[38;2;113;84;63m▇[38;2;105;108;80m▇[38;2;92;109;80m▙[38;2;129;150;108m▃[38;2;132;153;110m▃[38;2;121;140;102m▂[38;2;25;31;25m▂[38;2;0;0;0m [38;2;0;0;0m [38;2;0;0;0m [38;2;0;0;0m [38;2;0;0;0m [38;2;0;0;0m [38;2;0;0;0m [38;2;0;0;0m [0m
[38;2;0;0;0m [38;2;0;0;0m [38;2;0;0;0m [38;2;0;0;0m [38;2;0;0;0m [38;2;0;0;0m [38;2;25;30;27m▗[38;2;126;146;107m▟[38;2;114;127;89m▇[38;2;134;118;66m▇[38;2;105;105;69m▇[38;2;108;126;92m▇[38;2;89;105;77m▇[38;2;110;117;85m▇[38;2;92;108;79m▇[38;2;98;115;84m▇[38;2;102;110;77m▇[38;2;128;113;64m▇[38;2;138;132;81m▇[38;2;116;125;86m▇[38;2;41;50;40m▖[38;2;0;0;0m [38;2;0;0;0m [38;2;0;0;0m [38;2;0;0;0m [38;2;0;0;0m [38;2;0;0;0m [38;2;0;0;0m [0m
[38;2;0;0;0m [38;2;0;0;0m [38;2;0;0;0m [38;2;0;0;0m [38;2;7;9;8m▁[38;2;165;135;68m▗[38;2;149;124;64m▉[38;2;121;140;104m▇[38;2;210;237;173m▓[38;2;133;154;113m▟[38;2;110;129;95m▛[38;2;60;72;56m▘[38;2;4;4;4m▘[38;2;17;21;18m▀[38;2;10;13;11m▘[38;2;23;28;24m▝[38;2;102;119;88m▀[38;2;117;135;99m▇[38;2;84;95;68m▟[38;2;140;136;88m▇[38;2;149;125;67m▇[38;2;199;162;82m▖[38;2;11;14;12m▖[38;2;0;0;0m [38;2;0;0;0m [38;2;0;0;0m [38;2;0;0;0m [38;2;0;0;0m [0m
[38;2;0;0;0m [38;2;0;0;0m [38;2;0;0;0m [38;2;0;0;0m [38;2;49;51;36m▐[38;2;183;148;74m▇[38;2;121;118;77m▏[38;2;84;99;74m▐[38;2;124;144;106m▇[38;2;97;114;85m▌[38;2;9;11;9m▘[38;2;0;0;0m [38;2;0;0;0m [38;2;0;0;0m [38;2;0;0;0m [38;2;0;0;0m [38;2;0;0;0m [38;2;46;56;44m▐[38;2;125;144;106m▇[38;2;80;94;71m▉[38;2;17;21;18m▟[38;2;166;136;68m▇[38;2;255;221;113m▏[38;2;0;0;0m [38;2;0;0;0m [38;2;0;0;0m [38;2;0;0;0m [38;2;0;0;0m [0m
[38;2;0;0;0m [38;2;0;0;0m [38;2;0;0;0m [38;2;0;0;0m [38;2;255;255;146m⎾[38;2;130;119;71m▇[38;2;116;134;98m▆[38;2;115;134;98m▛[38;2;92;109;80m▇[38;2;134;157;113m▌[38;2;2;2;2m▏[38;2;0;0;0m [38;2;0;0;0m [38;2;0;0;0m [38;2;0;0;0m [38;2;0;0;0m [38;2;0;0;0m [38;2;174;201;146m▕[38;2;134;155;112m▉[38;2;96;112;82m▜[38;2;123;142;103m▙[38;2;120;115;71m▇[38;2;184;151;77m▎[38;2;0;0;0m [38;2;0;0;0m [38;2;0;0;0m [38;2;0;0;0m [38;2;0;0;0m [0m
[38;2;0;0;0m [38;2;0;0;0m [38;2;0;0;0m [38;2;3;3;3m▕[38;2;103;120;89m▐[38;2;142;163;119m▛[38;2;164;135;69m▅[38;2;117;101;57m▃[38;2;123;143;103m▇[38;2;129;152;110m▎[38;2;0;0;0m [38;2;0;0;0m [38;2;0;0;0m [38;2;0;0;0m [38;2;0;0;0m [38;2;0;0;0m [38;2;0;0;0m [38;2;33;40;33m▐[38;2;130;150;109m▇[38;2;72;75;51m▙[38;2;175;143;72m▅[38;2;129;150;109m▜[38;2;107;125;91m▋[38;2;22;25;22m▏[38;2;0;0;0m [38;2;0;0;0m [38;2;0;0;0m [38;2;0;0;0m [0m
[38;2;0;0;0m [38;2;0;0;0m [38;2;0;0;0m [38;2;28;30;29m⎝[38;2;131;151;110m▐[38;2;142;163;119m▌[38;2;83;92;66m▐[38;2;159;137;75m▇[38;2;138;122;69m▉[38;2;34;43;37m▎[38;2;0;0;0m [38;2;0;0;0m [38;2;0;0;0m [38;2;0;0;0m [38;2;0;0;0m [38;2;0;0;0m [38;2;0;0;0m [38;2;16;18;17m⎝[38;2;130;118;69m▐[38;2;170;140;72m▇[38;2;94;102;71m▙[38;2;114;134;97m▐[38;2;128;150;108m▋[38;2;36;43;37m▏[38;2;0;0;0m [38;2;0;0;0m [38;2;0;0;0m [38;2;0;0;0m [0m
[38;2;0;0;0m [38;2;0;0;0m [38;2;0;0;0m [38;2;0;0;0m [38;2;44;54;43m▝[38;2;98;115;85m▜[38;2;125;145;106m▇[38;2;74;88;66m▙[38;2;163;135;69m▇[38;2;247;207;108m▏[38;2;0;0;0m [38;2;0;0;0m [38;2;1;1;1m╲[38;2;28;35;29m▂[38;2;116;137;100m▁[38;2;55;66;52m▂[38;2;58;69;58m⏞[38;2;25;32;27m▗[38;2;173;140;70m▇[38;2;187;200;141m▓[38;2;112;131;95m▇[38;2;115;135;98m▛[38;2;63;77;59m▘[38;2;0;0;0m [38;2;0;0;0m [38;2;0;0;0m [38;2;0;0;0m [38;2;0;0;0m [0m
[38;2;0;0;0m [38;2;0;0;0m [38;2;0;0;0m [38;2;0;0;0m [38;2;0;0;0m [38;2;85;100;74m▐[38;2;136;158;113m▊[38;2;114;130;94m▀[38;2;112;115;84m▇[38;2;116;135;98m▙[38;2;86;101;75m▖[38;2;29;31;30m⎛[38;2;135;157;113m▗[38;2;113;121;88m▇[38;2;126;119;86m▛[38;2;101;118;87m▇[38;2;108;126;92m▇[38;2;116;128;89m▟[38;2;135;119;66m▛[38;2;104;122;89m▀[38;2;90;106;78m▇[38;2;129;151;109m▌[38;2;15;17;15m▏[38;2;0;0;0m [38;2;0;0;0m [38;2;0;0;0m [38;2;0;0;0m [38;2;0;0;0m [0m
[38;2;0;0;0m [38;2;0;0;0m [38;2;0;0;0m [38;2;0;0;0m [38;2;0;0;0m [38;2;27;34;30m▝[38;2;114;133;97m▜[38;2;113;117;86m▇[38;2;127;105;77m▇[38;2;117;112;79m▛[38;2;127;148;108m▜[38;2;110;128;94m▄[38;2;85;100;75m▜[38;2;107;114;84m▇[38;2;102;111;81m▇[38;2;96;110;79m▇[38;2;137;118;65m▇[38;2;84;91;64m▇[38;2;125;146;106m▇[38;2;89;105;77m▟[38;2;124;145;104m▛[38;2;44;55;43m▘[38;2;43;52;44m▁[38;2;4;4;4m▁[38;2;0;0;0m [38;2;0;0;0m [38;2;0;0;0m [38;2;0;0;0m [0m
[38;2;0;0;0m [38;2;0;0;0m [38;2;0;0;0m [38;2;0;0;0m [38;2;0;0;0m [38;2;0;0;0m [38;2;15;18;16m⏉[38;2;33;40;32m▀[38;2;63;68;48m▜[38;2;147;124;66m▆[38;2;182;149;77m▃[38;2;251;255;181m▓[38;2;112;128;93m▇[38;2;130;151;111m▄[38;2;106;114;79m▅[38;2;146;135;80m▇[38;2;118;125;84m▙[38;2;118;138;99m▅[38;2;88;104;77m▇[38;2;122;142;103m▇[38;2;30;37;31m▙[38;2;103;121;87m▆[38;2;103;122;88m▇[38;2;99;117;85m▋[38;2;25;29;25m▏[38;2;0;0;0m [38;2;0;0;0m [38;2;0;0;0m [0m
[38;2;0;0;0m [38;2;0;0;0m [38;2;0;0;0m [38;2;0;0;0m [38;2;0;0;0m [38;2;0;0;0m [38;2;0;0;0m [38;2;0;0;0m [38;2;0;0;0m [38;2;18;22;19m▝[38;2;80;76;47m▀[38;2;154;130;70m▀[38;2;162;135;71m▀[38;2;62;69;50m▀[38;2;81;96;73m▀[38;2;114;132;96m▇[38;2;255;200;148m▓[38;2;97;97;72m▆[38;2;113;133;96m▄[38;2;90;105;78m▇[38;2;113;132;96m▇[38;2;137;160;114m▄[38;2;116;136;98m▇[38;2;83;99;72m▛[38;2;14;16;14m▏[38;2;0;0;0m [38;2;0;0;0m [38;2;0;0;0m [0m
[38;2;0;0;0m [38;2;0;0;0m [38;2;0;0;0m [38;2;0;0;0m [38;2;0;0;0m [38;2;0;0;0m [38;2;0;0;0m [38;2;0;0;0m [38;2;0;0;0m [38;2;0;0;0m [38;2;0;0;0m [38;2;0;0;0m [38;2;0;0;0m [38;2;0;0;0m [38;2;20;23;21m⎝[38;2;105;122;90m▝[38;2;140;162;116m▀[38;2;126;147;105m▀[38;2;72;86;65m▀[38;2;132;154;111m▀[38;2;137;160;114m▀[38;2;118;139;100m▀[38;2;65;79;60m▘[38;2;7;8;7m▏[38;2;0;0;0m [38;2;0;0;0m [38;2;0;0;0m [38;2;0;0;0m [0m
