[38;2;0;0;0m [38;2;0;0;0m [38;2;0;0;0m [38;2;0;0;0m [38;2;12;14;13m▁[38;2;74;85;66m▂[38;2;120;136;101m▃[38;2;121;137;102m▃[38;2;84;96;73m▂[38;2;18;21;19m▁[38;2;23;26;24m▁[38;2;21;23;22m▁[38;2;1;1;1m▁[38;2;0;0;0m [38;2;0;0;0m [38;2;19;21;20m▁[38;2;39;44;41m▁[38;2;34;39;36m▁[38;2;12;13;13m▁[38;2;22;27;23m▂[38;2;120;136;102m▂[38;2;127;143;106m▃[38;2;137;154;114m▂[38;2;58;68;54m▁[38;2;1;1;1m╱[38;2;0;0;0m [38;2;0;0;0m [38;2;0;0;0m [0m
[38;2;0;0;0m [38;2;0;0;0m [38;2;0;0;0m [38;2;3;3;3m▕[38;2;101;115;87m▐[38;2;138;155;115m▛[38;2;110;75;56m▇[38;2;115;90;67m▛[38;2;115;130;97m▇[38;2;124;140;104m▙[38;2;137;116;65m▆[38;2;153;127;68m▆[38;2;188;153;80m▅[38;2;181;148;78m▃[38;2;112;123;91m▅[38;2;120;136;101m▆[38;2;102;116;87m▇[38;2;102;115;87m▇[38;2;119;135;100m▆[38;2;127;143;106m▟[38;2;122;137;102m▛[38;2;101;93;54m▇[38;2;111;108;71m▛[38;2;122;137;102m▇[38;2;108;126;99m▏[38;2;0;0;0m [38;2;0;0;0m [38;2;0;0;0m [0m
[38;2;0;0;0m [38;2;0;0;0m [38;2;0;0;0m [38;2;1;1;1m⏉[38;2;135;151;113m▝[38;2;130;146;109m▙[38;2;119;101;75m▇[38;2;118;125;93m▇[38;2;98;112;84m▊[38;2;108;123;92m▜[38;2;114;129;97m▙[38;2;123;140;104m▃[38;2;120;136;101m▆[38;2;128;100;63m▇[38;2;159;129;70m▇[38;2;179;146;77m▅[38;2;192;157;83m▂[38;2;121;137;102m▗[38;2;121;137;102m▇[38;2;74;85;65m▛[38;2;134;150;111m▇[38;2;105;77;58m▇[38;2;119;101;75m▙[38;2;116;131;98m▇[38;2;83;97;78m▏[38;2;0;0;0m [38;2;0;0;0m [38;2;0;0;0m [0m
[38;2;0;0;0m [38;2;0;0;0m [38;2;0;0;0m [38;2;0;0;0m [38;2;3;3;3m⏉[38;2;15;18;16m▀[38;2;255;255;243m⏉[38;2;112;127;95m▛[38;2;130;146;109m▀[38;2;143;161;119m▀[38;2;143;161;119m▀[38;2;97;110;83m▜[38;2;117;132;99m▙[38;2;125;79;58m▇[38;2;126;116;86m▙[38;2;94;104;76m▇[38;2;116;124;89m▇[38;2;127;144;107m▛[38;2;125;115;71m▀[38;2;118;114;74m▇[38;2;126;142;105m▇[38;2;93;106;80m▀[38;2;92;105;80m▀[38;2;30;35;31m▘[38;2;0;0;0m [38;2;0;0;0m [38;2;0;0;0m [38;2;0;0;0m [0m
[38;2;0;0;0m [38;2;0;0;0m [38;2;0;0;0m [38;2;0;0;0m [38;2;0;0;0m [38;2;2;2;2m⏉[38;2;51;62;55m⎴[38;2;5;6;6m▘[38;2;0;0;0m [38;2;0;0;0m [38;2;0;0;0m [38;2;10;11;11m⏉[38;2;63;73;58m▝[38;2;131;148;110m▀[38;2;99;113;85m▙[38;2;116;131;98m▇[38;2;135;152;113m▘[38;2;88;100;76m▃[38;2;131;147;109m▟[38;2;126;142;105m▛[38;2;63;74;58m▘[38;2;1;1;1m▏[38;2;0;0;0m [38;2;0;0;0m [38;2;0;0;0m [38;2;0;0;0m [38;2;0;0;0m [38;2;0;0;0m [0m
[38;2;0;0;0m [38;2;0;0;0m [38;2;0;0;0m [38;2;0;0;0m [38;2;0;0;0m [38;2;0;0;0m [38;2;0;0;0m [38;2;0;0;0m [38;2;0;0;0m [38;2;0;0;0m [38;2;0;0;0m [38;2;0;0;0m [38;2;21;25;23m▗[38;2;118;133;99m▟[38;2;126;143;106m▛[38;2;119;134;100m▃[38;2;130;146;109m▆[38;2;123;139;103m▇[38;2;137;154;114m▘[38;2;13;15;14m▘[38;2;0;0;0m [38;2;0;0;0m [38;2;0;0;0m [38;2;0;0;0m [38;2;0;0;0m [38;2;0;0;0m [38;2;0;0;0m [38;2;0;0;0m [0m
[38;2;0;0;0m [38;2;0;0;0m [38;2;0;0;0m [38;2;0;0;0m [38;2;0;0;0m [38;2;0;0;0m [38;2;0;0;0m [38;2;0;0;0m [38;2;0;0;0m [38;2;0;0;0m [38;2;0;0;0m [38;2;20;24;22m▁[38;2;255;255;166m⏊[38;2;151;144;92m▇[38;2;118;112;71m▇[38;2;132;148;110m▇[38;2;107;121;91m▛[38;2;37;44;37m▘[38;2;0;0;0m [38;2;0;0;0m [38;2;0;0;0m [38;2;0;0;0m [38;2;0;0;0m [38;2;0;0;0m [38;2;0;0;0m [38;2;0;0;0m [38;2;0;0;0m [38;2;0;0;0m [0m
[38;2;0;0;0m [38;2;0;0;0m [38;2;0;0;0m [38;2;0;0;0m [38;2;0;0;0m [38;2;0;0;0m [38;2;0;0;0m [38;2;0;0;0m [38;2;0;0;0m [38;2;0;0;0m╲[38;2;125;107;60m▗[38;2;183;149;77m▟[38;2;161;145;87m▜[38;2;108;115;81m▇[38;2;102;116;87m▇[38;2;106;121;91m▘[38;2;8;10;9m▏[38;2;0;0;0m [38;2;0;0;0m [38;2;0;0;0m [38;2;0;0;0m [38;2;0;0;0m [38;2;0;0;0m [38;2;0;0;0m [38;2;0;0;0m [38;2;0;0;0m [38;2;0;0;0m [38;2;0;0;0m [0m
[38;2;0;0;0m [38;2;0;0;0m [38;2;0;0;0m [38;2;0;0;0m [38;2;0;0;0m [38;2;0;0;0m [38;2;0;0;0m [38;2;0;0;0m [38;2;0;0;0m [38;2;37;43;40m▕[38;2;116;104;62m▇[38;2;142;145;99m▙[38;2;111;127;94m▇[38;2;76;88;67m▛[38;2;25;30;26m▘[38;2;0;0;0m [38;2;0;0;0m [38;2;0;0;0m [38;2;0;0;0m [38;2;0;0;0m [38;2;0;0;0m [38;2;0;0;0m [38;2;0;0;0m [38;2;0;0;0m [38;2;0;0;0m [38;2;0;0;0m [38;2;0;0;0m [38;2;0;0;0m [0m
[38;2;0;0;0m [38;2;0;0;0m [38;2;0;0;0m [38;2;0;0;0m [38;2;0;0;0m [38;2;0;0;0m [38;2;0;0;0m [38;2;0;0;0m [38;2;42;49;39m▗[38;2;111;125;93m▟[38;2;115;131;97m▇[38;2;108;123;92m▇[38;2;78;90;69m▙[38;2;133;150;111m▄[38;2;119;135;101m▃[38;2;38;45;37m▁[38;2;0;0;0m [38;2;0;0;0m [38;2;0;0;0m [38;2;0;0;0m [38;2;13;15;14m▁[38;2;23;27;24m▂[38;2;32;40;35m▁[38;2;6;6;6m▁[38;2;0;0;0m [38;2;0;0;0m [38;2;0;0;0m [38;2;0;0;0m [0m
[38;2;0;0;0m [38;2;0;0;0m [38;2;0;0;0m [38;2;0;0;0m [38;2;21;24;22m▂[38;2;117;133;100m▂[38;2;147;166;123m▂[38;2;104;119;89m▂[38;2;122;138;102m▇[38;2;109;107;71m▇[38;2;140;127;77m▇[38;2;121;114;72m▇[38;2;121;131;94m▛[38;2;174;76;54m▅[38;2;98;93;70m▇[38;2;105;120;90m▇[38;2;137;154;113m▄[38;2;140;157;116m▄[38;2;126;143;106m▄[38;2;88;100;76m▃[38;2;121;137;101m▆[38;2;110;118;88m▇[38;2;108;111;83m▇[38;2;115;130;97m▙[38;2;30;36;31m▖[38;2;0;0;0m [38;2;0;0;0m [38;2;0;0;0m [0m
[38;2;0;0;0m [38;2;0;0;0m [38;2;0;0;0m [38;2;30;36;31m▗[38;2;133;150;111m▟[38;2;125;107;80m▜[38;2;111;80;60m▇[38;2;72;82;61m▇[38;2;133;149;111m▇[38;2;213;234;173m▓[38;2;109;120;88m▇[38;2;147;125;70m▀[38;2;183;150;79m▜[38;2;174;141;74m▙[38;2;119;125;88m▇[38;2;127;144;107m▀[38;2;116;132;98m▇[38;2;87;100;77m▖[38;2;73;84;65m▜[38;2;124;140;104m▇[38;2;99;113;85m▇[38;2;103;75;56m▇[38;2;122;93;69m▙[38;2;117;133;98m▇[38;2;114;133;104m▏[38;2;0;0;0m [38;2;0;0;0m [38;2;0;0;0m [0m
[38;2;0;0;0m [38;2;0;0;0m [38;2;0;0;0m [38;2;24;29;25m▐[38;2;120;136;101m▇[38;2;98;98;74m▟[38;2;106;83;57m▇[38;2;118;121;79m▙[38;2;118;134;100m▇[38;2;96;109;82m▇[38;2;110;124;93m▆[38;2;119;134;100m▆[38;2;104;117;88m▇[38;2;115;111;73m▀[38;2;209;169;87m▀[38;2;155;128;69m▆[38;2;123;112;69m▇[38;2;116;131;98m▇[38;2;113;128;96m▇[38;2;76;86;65m▇[38;2;102;116;86m▇[38;2;132;149;110m▊[38;2;68;79;61m▀[38;2;29;35;29m▘[38;2;0;0;0m▏[38;2;0;0;0m [38;2;0;0;0m [38;2;0;0;0m [0m
[38;2;0;0;0m [38;2;0;0;0m [38;2;0;0;0m [38;2;0;0;0m [38;2;35;41;35m▝[38;2;104;117;89m▀[38;2;135;152;113m▀[38;2;108;123;92m▀[38;2;55;64;52m▘[38;2;9;10;10m⏉[38;2;28;31;29m⏉[38;2;31;32;31m⏟[38;2;2;2;2m⏋[38;2;0;0;0m [38;2;0;0;0m [38;2;20;23;21m⏉[38;2;33;36;34m⏟[38;2;19;22;20m▝[38;2;83;94;73m▀[38;2;138;155;115m▀[38;2;130;146;108m▀[38;2;64;74;58m▘[38;2;0;0;0m▏[38;2;0;0;0m [38;2;0;0;0m [38;2;0;0;0m [38;2;0;0;0m [38;2;0;0;0m [0m
