[38;2;0;0;0m [38;2;0;0;0m [38;2;0;0;0m [38;2;14;18;15m▁[38;2;89;105;78m▂[38;2;120;139;102m▃[38;2;129;149;109m▂[38;2;31;38;31m▂[38;2;20;23;21m▁[38;2;33;40;35m▁[38;2;1;1;1m╱[38;2;0;0;0m [38;2;0;0;0m [38;2;0;0;0m [38;2;0;0;0m [38;2;0;0;0m [38;2;0;0;0m [38;2;1;1;1m╲[38;2;34;42;36m▁[38;2;18;21;19m▁[38;2;49;61;48m▁[38;2;130;152;111m▂[38;2;119;139;102m▃[38;2;83;99;73m▂[38;2;12;15;13m▁[38;2;0;0;0m [38;2;0;0;0m [38;2;0;0;0m [0m
[38;2;0;0;0m [38;2;0;0;0m [38;2;0;0;0m [38;2;222;255;191m⎣[38;2;118;138;101m▉[38;2;92;64;47m▇[38;2;85;102;75m▇[38;2;134;155;114m▙[38;2;102;120;89m▟[38;2;111;131;96m▇[38;2;61;76;58m▎[38;2;0;0;0m [38;2;0;0;0m [38;2;0;0;0m [38;2;0;0;0m [38;2;0;0;0m [38;2;0;0;0m [38;2;43;53;42m⏺[38;2;114;133;99m▇[38;2;99;118;88m▙[38;2;118;138;102m▇[38;2;84;101;75m▇[38;2;93;64;48m▇[38;2;115;135;98m▇[38;2;170;202;148m▏[38;2;0;0;0m [38;2;0;0;0m [38;2;0;0;0m [0m
[38;2;0;0;0m [38;2;0;0;0m [38;2;0;0;0m [38;2;20;26;22m▝[38;2;94;111;83m▀[38;2;86;103;76m▇[38;2;102;121;90m▇[38;2;90;107;81m▇[38;2;121;141;105m▇[38;2;77;94;71m▌[38;2;4;4;4m▏[38;2;0;0;0m [38;2;0;0;0m [38;2;0;0;0m [38;2;0;0;0m [38;2;0;0;0m [38;2;0;0;0m [38;2;9;9;9m⎾[38;2;81;97;73m▐[38;2;122;143;106m▇[38;2;90;107;80m▇[38;2;102;120;90m▇[38;2;86;103;77m▇[38;2;84;100;75m▀[38;2;17;21;18m▘[38;2;0;0;0m [38;2;0;0;0m [38;2;0;0;0m [0m
[38;2;0;0;0m [38;2;0;0;0m [38;2;0;0;0m [38;2;0;0;0m [38;2;28;37;31m▐[38;2;119;139;104m▇[38;2;85;102;76m▉[38;2;159;133;64m▇[38;2;114;125;88m▇[38;2;122;143;107m▋[38;2;26;30;27m▏[38;2;0;0;0m [38;2;0;0;0m [38;2;0;0;0m [38;2;0;0;0m [38;2;0;0;0m [38;2;0;0;0m [38;2;51;66;57m⎛[38;2;113;132;99m▟[38;2;113;121;82m▇[38;2;180;150;70m▊[38;2;107;125;95m▜[38;2;133;155;116m▙[38;2;29;40;33m▍[38;2;0;0;0m [38;2;0;0;0m [38;2;0;0;0m [38;2;0;0;0m [0m
[38;2;0;0;0m [38;2;0;0;0m [38;2;0;0;0m [38;2;0;0;0m [38;2;29;39;32m▐[38;2;125;146;109m▇[38;2;206;227;155m▓[38;2;182;149;69m▇[38;2;122;132;90m▜[38;2;124;146;109m▋[38;2;29;34;30m▏[38;2;0;0;0m [38;2;0;0;0m [38;2;0;0;0m [38;2;0;0;0m [38;2;0;0;0m [38;2;0;0;0m [38;2;61;79;67m⎾[38;2;102;120;90m▇[38;2;120;126;84m▛[38;2;204;165;76m▙[38;2;218;245;172m▓[38;2;120;141;106m▇[38;2;29;40;32m▍[38;2;0;0;0m [38;2;0;0;0m [38;2;0;0;0m [38;2;0;0;0m [0m
[38;2;0;0;0m [38;2;0;0;0m [38;2;0;0;0m [38;2;0;0;0m [38;2;24;33;28m▐[38;2;133;115;60m▟[38;2;170;140;67m▇[38;2;127;136;93m▙[38;2;101;119;90m▇[38;2;174;207;155m▏[38;2;2;2;2m▁[38;2;13;16;14m▁[38;2;33;40;32m▂[38;2;154;133;68m▁[38;2;144;125;65m▁[38;2;30;37;30m▂[38;2;9;11;10m▁[38;2;4;5;4m▁[38;2;88;105;79m▐[38;2;110;130;97m▙[38;2;127;134;90m▟[38;2;173;142;68m▇[38;2;115;104;57m▉[38;2;26;36;30m▍[38;2;0;0;0m [38;2;0;0;0m [38;2;0;0;0m [38;2;0;0;0m [0m
[38;2;0;0;0m [38;2;0;0;0m [38;2;0;0;0m [38;2;0;0;0m [38;2;231;190;92m▕[38;2;206;165;76m▇[38;2;81;93;66m▜[38;2;110;130;97m▟[38;2;97;116;87m▇[38;2;106;125;94m▇[38;2;123;143;106m▅[38;2;113;116;75m▆[38;2;170;144;72m▛[38;2;211;171;79m▀[38;2;212;171;79m▀[38;2;149;126;64m▇[38;2;192;156;74m▅[38;2;113;112;70m▅[38;2;104;123;92m▇[38;2;114;135;100m▜[38;2;109;128;95m▙[38;2;86;95;66m▛[38;2;207;167;77m▇[38;2;175;158;86m▏[38;2;0;0;0m [38;2;0;0;0m [38;2;0;0;0m [38;2;0;0;0m [0m
[38;2;0;0;0m [38;2;0;0;0m [38;2;0;0;0m [38;2;0;0;0m [38;2;216;185;93m⎝[38;2;118;118;75m▇[38;2;121;142;106m▇[38;2;99;118;88m▜[38;2;122;126;78m▙[38;2;170;154;74m▟[38;2;98;101;61m▇[38;2;107;126;94m▇[38;2;113;133;99m▇[38;2;110;130;97m▙[38;2;121;142;106m▆[38;2;111;131;98m▇[38;2;96;106;74m▇[38;2;177;146;71m▜[38;2;148;126;62m▉[38;2;115;135;101m▟[38;2;97;116;87m▛[38;2;121;141;105m▇[38;2;117;117;74m▇[38;2;28;36;29m▌[38;2;0;0;0m [38;2;0;0;0m [38;2;0;0;0m [38;2;0;0;0m [0m
[38;2;0;0;0m [38;2;0;0;0m [38;2;0;0;0m [38;2;0;0;0m [38;2;137;162;122m▕[38;2;135;157;118m▇[38;2;111;105;62m▜[38;2;163;134;65m▇[38;2;131;126;74m▇[38;2;115;128;87m▍[38;2;20;26;22m▝[38;2;69;84;65m▀[38;2;90;107;81m▀[38;2;64;78;61m▀[38;2;46;58;46m▀[38;2;87;105;78m▀[38;2;53;66;51m▀[38;2;33;41;36m⏟[38;2;99;118;88m▐[38;2;122;144;108m▉[38;2;135;114;58m▇[38;2;127;116;67m▛[38;2;133;155;116m▇[38;2;91;117;90m▏[38;2;0;0;0m [38;2;0;0;0m [38;2;0;0;0m [38;2;0;0;0m [0m
[38;2;0;0;0m [38;2;0;0;0m [38;2;0;0;0m [38;2;0;0;0m [38;2;42;54;44m▐[38;2;129;150;112m▇[38;2;56;71;54m▊[38;2;194;157;73m▇[38;2;108;119;83m▇[38;2;140;164;122m▌[38;2;13;14;13m▏[38;2;0;0;0m [38;2;0;0;0m [38;2;0;0;0m [38;2;0;0;0m [38;2;0;0;0m [38;2;0;0;0m [38;2;38;43;40m▕[38;2;109;128;96m▟[38;2;116;126;87m▙[38;2;206;167;77m▉[38;2;68;82;61m▜[38;2;124;145;108m▇[38;2;27;37;30m▌[38;2;0;0;0m [38;2;0;0;0m [38;2;0;0;0m [38;2;0;0;0m [0m
[38;2;0;0;0m [38;2;0;0;0m [38;2;0;0;0m [38;2;0;0;0m [38;2;32;40;35m▐[38;2;78;93;67m▇[38;2;146;130;70m▇[38;2;189;155;73m▛[38;2;117;138;103m▟[38;2;125;148;110m▌[38;2;5;5;5m▏[38;2;0;0;0m [38;2;0;0;0m [38;2;0;0;0m [38;2;0;0;0m [38;2;0;0;0m [38;2;0;0;0m [38;2;37;41;39m⎝[38;2;136;159;119m▐[38;2;124;145;109m▋[38;2;192;157;75m▜[38;2;152;138;77m▇[38;2;78;95;68m▉[38;2;29;39;32m▍[38;2;0;0;0m [38;2;0;0;0m [38;2;0;0;0m [38;2;0;0;0m [0m
[38;2;0;0;0m [38;2;0;0;0m [38;2;0;0;0m [38;2;19;25;21m▗[38;2;107;126;92m▃[38;2;127;133;88m▟[38;2;125;118;70m▛[38;2;86;103;77m▇[38;2;127;148;109m▇[38;2;47;60;47m▊[38;2;0;0;0m╱[38;2;0;0;0m [38;2;0;0;0m [38;2;0;0;0m [38;2;0;0;0m [38;2;0;0;0m [38;2;0;0;0m [38;2;1;1;1m╲[38;2;73;89;67m▐[38;2;127;148;110m▇[38;2;87;104;78m▇[38;2;130;122;71m▜[38;2;123;131;87m▙[38;2;100;118;87m▃[38;2;16;21;18m▖[38;2;0;0;0m [38;2;0;0;0m [38;2;0;0;0m [0m
[38;2;0;0;0m [38;2;0;0;0m [38;2;0;0;0m [38;2;255;255;228m⎣[38;2;117;137;101m▉[38;2;101;60;44m▆[38;2;77;93;69m▇[38;2;116;136;100m▇[38;2;86;102;76m▇[38;2;109;128;94m▇[38;2;77;98;77m▏[38;2;0;0;0m [38;2;0;0;0m [38;2;0;0;0m [38;2;0;0;0m [38;2;0;0;0m [38;2;0;0;0m [38;2;40;50;40m⏺[38;2;113;132;97m▇[38;2;86;102;76m▇[38;2;132;153;113m▙[38;2;79;95;71m▉[38;2;100;60;44m▆[38;2;113;133;97m▇[38;2;201;237;173m▏[38;2;0;0;0m [38;2;0;0;0m [38;2;0;0;0m [0m
[38;2;0;0;0m [38;2;0;0;0m [38;2;0;0;0m [38;2;18;23;20m▝[38;2;88;105;78m▀[38;2;135;157;114m▀[38;2;115;134;98m▀[38;2;55;69;53m▘[38;2;39;47;42m⎴[38;2;55;69;60m⏟[38;2;1;1;1m▏[38;2;0;0;0m [38;2;0;0;0m [38;2;0;0;0m [38;2;0;0;0m [38;2;0;0;0m [38;2;0;0;0m [38;2;5;6;5m⏉[38;2;54;66;58m⎴[38;2;46;54;49m⏟[38;2;66;81;62m▝[38;2;121;141;103m▀[38;2;133;155;112m▀[38;2;79;95;71m▀[38;2;15;19;17m▘[38;2;0;0;0m [38;2;0;0;0m [38;2;0;0;0m [0m
