[38;2;0;0;0m [38;2;0;0;0m [38;2;0;0;0m [38;2;14;18;15m▁[38;2;73;86;67m▂[38;2;148;167;124m▂[38;2;120;137;103m▃[38;2;108;125;94m▂[38;2;26;34;29m▂[38;2;3;3;3m▁[38;2;3;3;3m⎳[38;2;31;37;34m▁[38;2;22;28;25m▂[38;2;26;34;30m▂[38;2;27;35;30m▂[38;2;22;28;25m▂[38;2;28;34;30m▁[38;2;2;2;2m▁[38;2;1;1;1m╲[38;2;25;32;27m▂[38;2;101;117;88m▂[38;2;149;169;125m▂[38;2;147;167;123m▂[38;2;113;132;99m▁[38;2;14;18;16m▁[38;2;0;0;0m [38;2;0;0;0m [38;2;0;0;0m [0m
[38;2;0;0;0m [38;2;0;0;0m [38;2;20;21;21m⎛[38;2;137;156;116m▗[38;2;139;157;117m▛[38;2;116;83;61m▇[38;2;94;86;65m▛[38;2;138;156;115m▀[38;2;107;124;92m▇[38;2;114;131;98m▅[38;2;134;152;113m▅[38;2;115;131;98m▆[38;2;103;118;89m▇[38;2;98;113;85m▇[38;2;99;113;85m▇[38;2;103;119;89m▇[38;2;112;129;96m▆[38;2;106;122;91m▅[38;2;123;140;104m▅[38;2;114;129;95m▇[38;2;108;124;93m▛[38;2;78;75;57m▇[38;2;116;82;61m▇[38;2;133;152;112m▜[38;2;111;128;96m▌[38;2;24;28;26m▏[38;2;0;0;0m [38;2;0;0;0m [0m
[38;2;0;0;0m [38;2;0;0;0m [38;2;6;6;6m⎾[38;2;127;145;109m▝[38;2;109;123;92m▇[38;2;133;134;99m▙[38;2;110;127;95m▉[38;2;124;142;105m▟[38;2;101;115;85m▇[38;2;106;104;64m▇[38;2;114;98;52m▇[38;2;149;123;64m▇[38;2;189;151;74m▅[38;2;174;140;70m▃[38;2;79;89;65m▃[38;2;119;135;101m▅[38;2;122;139;103m▇[38;2;101;113;82m▇[38;2;249;255;184m▓[38;2;129;110;60m▇[38;2;179;144;70m▙[38;2;102;115;85m▇[38;2;118;121;89m▇[38;2;111;124;92m▇[38;2;141;161;119m▘[38;2;12;14;13m▏[38;2;0;0;0m [38;2;0;0;0m [0m
[38;2;0;0;0m [38;2;0;0;0m [38;2;0;0;0m [38;2;0;0;0m [38;2;9;13;13m▀[38;2;19;29;28m▀[38;2;215;241;180m⎴[38;2;26;33;28m▀[38;2;47;54;50m⏟[38;2;24;30;29m⏉[38;2;200;227;170m⎛[38;2;136;154;114m▇[38;2;77;87;62m▇[38;2;116;104;57m▇[38;2;171;138;68m▇[38;2;146;135;80m▞[38;2;139;157;116m▇[38;2;124;143;107m▎[38;2;34;37;35m⏟[38;2;30;37;33m⏉[38;2;25;29;24m▀[38;2;71;69;44m▀[38;2;29;38;32m▀[38;2;14;18;16m▀[38;2;1;1;1m▏[38;2;0;0;0m [38;2;0;0;0m [38;2;0;0;0m [0m
[38;2;0;0;0m [38;2;0;0;0m [38;2;0;0;0m [38;2;0;0;0m [38;2;0;0;0m [38;2;0;0;0m [38;2;0;0;0m [38;2;0;0;0m [38;2;0;0;0m [38;2;0;0;0m [38;2;33;41;34m▐[38;2;128;145;108m▇[38;2;104;117;85m▇[38;2;44;52;39m▌[38;2;49;51;36m▐[38;2;116;122;83m▇[38;2;130;147;109m▇[38;2;128;151;115m▏[38;2;0;0;0m [38;2;0;0;0m [38;2;0;0;0m [38;2;0;0;0m [38;2;0;0;0m [38;2;0;0;0m [38;2;0;0;0m [38;2;0;0;0m [38;2;0;0;0m [38;2;0;0;0m [0m
[38;2;0;0;0m [38;2;0;0;0m [38;2;0;0;0m [38;2;0;0;0m [38;2;0;0;0m [38;2;0;0;0m [38;2;0;0;0m [38;2;0;0;0m [38;2;0;0;0m [38;2;0;0;0m [38;2;20;21;20m▕[38;2;125;114;65m▐[38;2;114;124;89m▇[38;2;97;112;84m▇[38;2;138;157;116m▟[38;2;116;127;90m▇[38;2;124;112;62m▋[38;2;34;40;37m▏[38;2;0;0;0m [38;2;0;0;0m [38;2;0;0;0m [38;2;0;0;0m [38;2;0;0;0m [38;2;0;0;0m [38;2;0;0;0m [38;2;0;0;0m [38;2;0;0;0m [38;2;0;0;0m [0m
[38;2;0;0;0m [38;2;0;0;0m [38;2;0;0;0m [38;2;0;0;0m [38;2;0;0;0m [38;2;0;0;0m [38;2;0;0;0m [38;2;0;0;0m [38;2;0;0;0m [38;2;0;0;0m [38;2;44;48;46m▕[38;2;132;117;65m▐[38;2;118;130;93m▇[38;2;136;155;114m▛[38;2;107;123;92m▜[38;2;120;133;96m▇[38;2;123;111;62m▋[38;2;41;48;45m▏[38;2;0;0;0m [38;2;0;0;0m [38;2;0;0;0m [38;2;0;0;0m [38;2;0;0;0m [38;2;0;0;0m [38;2;0;0;0m [38;2;0;0;0m [38;2;0;0;0m [38;2;0;0;0m [0m
[38;2;0;0;0m [38;2;0;0;0m [38;2;0;0;0m [38;2;0;0;0m [38;2;0;0;0m [38;2;0;0;0m [38;2;0;0;0m [38;2;0;0;0m [38;2;0;0;0m [38;2;0;0;0m [38;2;43;51;47m▕[38;2;117;134;99m▟[38;2;141;160;118m▋[38;2;167;135;67m▄[38;2;64;69;44m▟[38;2;129;146;109m▜[38;2;131;149;110m▊[38;2;52;64;57m▏[38;2;0;0;0m [38;2;0;0;0m [38;2;0;0;0m [38;2;0;0;0m [38;2;0;0;0m [38;2;0;0;0m [38;2;0;0;0m [38;2;0;0;0m [38;2;0;0;0m [38;2;0;0;0m [0m
[38;2;0;0;0m [38;2;0;0;0m [38;2;0;0;0m [38;2;0;0;0m [38;2;0;0;0m [38;2;0;0;0m [38;2;0;0;0m [38;2;0;0;0m [38;2;0;0;0m [38;2;0;0;0m [38;2;37;41;39m⎾[38;2;83;98;75m▜[38;2;131;149;111m▇[38;2;128;119;72m▇[38;2;134;127;78m▙[38;2;130;147;109m▇[38;2;100;110;78m▋[38;2;37;43;40m▏[38;2;0;0;0m [38;2;0;0;0m [38;2;0;0;0m [38;2;0;0;0m [38;2;0;0;0m [38;2;0;0;0m [38;2;0;0;0m [38;2;0;0;0m [38;2;0;0;0m [38;2;0;0;0m [0m
[38;2;0;0;0m [38;2;0;0;0m [38;2;0;0;0m [38;2;0;0;0m [38;2;0;0;0m [38;2;0;0;0m [38;2;0;0;0m [38;2;0;0;0m [38;2;0;0;0m [38;2;0;0;0m [38;2;27;29;29m▕[38;2;147;165;121m▐[38;2;83;97;74m▇[38;2;117;134;100m▇[38;2;120;137;102m▇[38;2;255;255;171m▓[38;2;189;150;71m▋[38;2;40;47;45m▏[38;2;0;0;0m [38;2;0;0;0m [38;2;0;0;0m [38;2;0;0;0m [38;2;0;0;0m [38;2;0;0;0m [38;2;0;0;0m [38;2;0;0;0m [38;2;0;0;0m [38;2;0;0;0m [0m
[38;2;0;0;0m [38;2;0;0;0m [38;2;0;0;0m [38;2;0;0;0m [38;2;0;0;0m [38;2;0;0;0m [38;2;0;0;0m [38;2;11;15;14m▂[38;2;96;111;84m▂[38;2;132;150;111m▂[38;2;23;29;25m▂[38;2;103;119;89m▐[38;2;128;146;108m▇[38;2;103;119;89m▀[38;2;141;159;118m▝[38;2;128;146;108m▇[38;2;107;113;77m▋[38;2;18;22;20m▃[38;2;127;146;108m▂[38;2;101;117;88m▂[38;2;14;18;16m▂[38;2;0;0;0m [38;2;0;0;0m [38;2;0;0;0m [38;2;0;0;0m [38;2;0;0;0m [38;2;0;0;0m [38;2;0;0;0m [0m
[38;2;0;0;0m [38;2;0;0;0m [38;2;0;0;0m [38;2;0;0;0m [38;2;0;0;0m [38;2;0;0;0m [38;2;13;13;13m⎛[38;2;112;128;96m▐[38;2;125;143;106m▇[38;2;115;132;98m▜[38;2;105;122;91m▎[38;2;110;126;94m▇[38;2;99;115;86m▙[38;2;102;117;87m▟[38;2;105;118;89m▙[38;2;96;112;84m▟[38;2;139;159;116m▊[38;2;199;229;169m⎩[38;2;96;111;83m▇[38;2;122;140;103m▇[38;2;118;135;100m▌[38;2;19;20;19m▏[38;2;0;0;0m [38;2;0;0;0m [38;2;0;0;0m [38;2;0;0;0m [38;2;0;0;0m [38;2;0;0;0m [0m
[38;2;0;0;0m [38;2;0;0;0m [38;2;0;0;0m [38;2;0;0;0m [38;2;0;0;0m [38;2;0;0;0m [38;2;0;0;0m [38;2;98;114;87m▝[38;2;118;134;101m▇[38;2;128;145;108m▄[38;2;118;120;79m▅[38;2;96;106;76m▇[38;2;101;117;88m▇[38;2;109;84;62m▇[38;2;127;91;66m▙[38;2;125;142;106m▊[38;2;255;255;212m▓[38;2;118;120;79m▅[38;2;126;144;106m▄[38;2;116;133;99m▇[38;2;107;124;93m▘[38;2;2;2;2m▏[38;2;0;0;0m [38;2;0;0;0m [38;2;0;0;0m [38;2;0;0;0m [38;2;0;0;0m [38;2;0;0;0m [0m
[38;2;0;0;0m [38;2;0;0;0m [38;2;0;0;0m [38;2;0;0;0m [38;2;0;0;0m [38;2;0;0;0m [38;2;0;0;0m [38;2;0;0;0m [38;2;13;18;17m▝[38;2;52;63;51m▀[38;2;86;101;76m▀[38;2;70;83;64m▀[38;2;25;32;27m▀[38;2;100;115;87m▀[38;2;100;116;87m▀[38;2;25;32;27m▀[38;2;70;83;64m▀[38;2;87;101;77m▀[38;2;55;66;52m▀[38;2;45;58;51m⏟[38;2;0;0;0m [38;2;0;0;0m [38;2;0;0;0m [38;2;0;0;0m [38;2;0;0;0m [38;2;0;0;0m [38;2;0;0;0m [38;2;0;0;0m [0m
