[38;2;0;0;0m [38;2;0;0;0m [38;2;0;0;0m [38;2;0;0;0m [38;2;0;0;0m [38;2;0;0;0m [38;2;0;0;0m [38;2;0;0;0m [38;2;0;0;0m [38;2;11;12;11m▁[38;2;35;40;35m▂[38;2;116;135;105m▁[38;2;119;138;107m▂[38;2;142;165;126m▂[38;2;146;169;129m▂[38;2;136;158;121m▂[38;2;154;180;138m▁[38;2;42;49;41m▂[38;2;20;22;20m▁[38;2;23;27;24m▂[38;2;105;123;96m▂[38;2;136;158;121m▂[38;2;40;47;39m▃[38;2;3;3;3m▏[38;2;0;0;0m [38;2;0;0;0m [38;2;0;0;0m [38;2;0;0;0m [0m
[38;2;0;0;0m [38;2;0;0;0m [38;2;0;0;0m [38;2;0;0;0m [38;2;0;0;0m [38;2;0;0;0m [38;2;16;18;16m▁[38;2;41;47;39m▂[38;2;73;83;65m▃[38;2;124;144;110m▅[38;2;123;142;109m▇[38;2;118;136;104m▛[38;2;128;148;114m▀[38;2;104;121;94m▀[38;2;98;114;89m▀[38;2;113;131;102m▀[38;2;139;162;124m▀[38;2;112;130;101m▇[38;2;124;144;110m▙[38;2;104;122;94m▟[38;2;113;104;80m▇[38;2;113;92;68m▇[38;2;135;148;108m▊[38;2;42;49;43m▎[38;2;0;0;0m [38;2;0;0;0m [38;2;0;0;0m [38;2;0;0;0m [0m
[38;2;0;0;0m [38;2;0;0;0m [38;2;0;0;0m [38;2;0;0;0m [38;2;0;0;0m [38;2;36;42;36m▗[38;2;162;138;80m▟[38;2;169;143;82m▛[38;2;124;142;109m▇[38;2;121;140;108m▇[38;2;142;125;76m▀[38;2;158;133;78m▜[38;2;169;141;81m▆[38;2;167;140;81m▄[38;2;142;122;73m▆[38;2;119;104;64m▇[38;2;202;167;93m▀[38;2;201;166;92m▀[38;2;101;111;83m▇[38;2;130;151;116m▇[38;2;108;97;61m▇[38;2;197;163;90m▀[38;2;113;103;65m▘[38;2;7;7;7m▏[38;2;0;0;0m [38;2;0;0;0m [38;2;0;0;0m [38;2;0;0;0m [0m
[38;2;0;0;0m [38;2;0;0;0m [38;2;0;0;0m [38;2;0;0;0m [38;2;0;0;0m [38;2;49;52;42m▐[38;2;191;158;89m▇[38;2;125;135;111m▓[38;2;124;144;111m▇[38;2;122;142;109m▇[38;2;94;110;86m▃[38;2;124;144;111m▆[38;2;117;135;104m▛[38;2;158;134;78m▜[38;2;184;153;87m▙[38;2;36;42;37m▖[38;2;36;37;36m⎝[38;2;93;108;85m▐[38;2;108;126;97m▇[38;2;103;120;92m▇[38;2;31;36;31m▋[38;2;0;0;0m [38;2;0;0;0m [38;2;0;0;0m [38;2;0;0;0m [38;2;0;0;0m [38;2;0;0;0m [38;2;0;0;0m [0m
[38;2;0;0;0m [38;2;0;0;0m [38;2;0;0;0m [38;2;0;0;0m [38;2;0;0;0m [38;2;41;47;42m⎝[38;2;170;144;85m▝[38;2;141;122;73m▇[38;2;144;130;82m▟[38;2;107;118;89m▇[38;2;130;150;115m▇[38;2;117;135;104m▇[38;2;132;153;117m▅[38;2;129;150;115m▄[38;2;155;147;97m▇[38;2;140;162;125m▂[38;2;154;179;138m▁[38;2;43;50;43m▂[38;2;33;37;33m▁[38;2;7;8;7m▘[38;2;0;0;0m [38;2;0;0;0m [38;2;0;0;0m [38;2;0;0;0m [38;2;0;0;0m [38;2;0;0;0m [38;2;0;0;0m [38;2;0;0;0m [0m
[38;2;0;0;0m [38;2;0;0;0m [38;2;0;0;0m [38;2;0;0;0m [38;2;0;0;0m [38;2;0;0;0m [38;2;0;0;0m [38;2;19;21;19m▝[38;2;58;59;45m▜[38;2;166;143;86m▇[38;2;131;115;70m▇[38;2;129;116;73m▇[38;2;107;110;78m▇[38;2;124;144;111m▇[38;2;105;119;91m▇[38;2;102;119;93m▇[38;2;118;136;106m▇[38;2;135;155;120m▇[38;2;132;153;117m▆[38;2;129;149;115m▄[38;2;100;116;91m▂[38;2;19;22;20m▂[38;2;0;0;0m [38;2;0;0;0m [38;2;0;0;0m [38;2;0;0;0m [38;2;0;0;0m [38;2;0;0;0m [0m
[38;2;0;0;0m [38;2;0;0;0m [38;2;0;0;0m [38;2;0;0;0m [38;2;0;0;0m [38;2;0;0;0m [38;2;0;0;0m [38;2;0;0;0m [38;2;53;61;55m⎝[38;2;96;110;84m▀[38;2;95;107;82m▇[38;2;105;122;95m▅[38;2;96;111;87m▇[38;2;108;123;95m▀[38;2;183;153;87m▀[38;2;156;133;78m▜[38;2;159;134;78m▆[38;2;184;153;87m▃[38;2;83;93;72m▛[38;2;123;143;110m▜[38;2;137;158;122m▇[38;2;127;147;114m▙[38;2;64;75;61m▖[38;2;1;1;1m▏[38;2;0;0;0m [38;2;0;0;0m [38;2;0;0;0m [38;2;0;0;0m [0m
[38;2;0;0;0m [38;2;0;0;0m [38;2;0;0;0m [38;2;0;0;0m [38;2;0;0;0m [38;2;0;0;0m [38;2;0;0;0m [38;2;0;0;0m [38;2;6;7;6m▁[38;2;45;52;46m▁[38;2;45;53;46m▁[38;2;26;29;26m⏉[38;2;2;2;2m⏋[38;2;0;0;0m [38;2;0;0;0m [38;2;4;4;4m⏉[38;2;22;26;23m▀[38;2;148;126;75m▀[38;2;181;150;84m▇[38;2;133;137;106m▓[38;2;79;92;73m▜[38;2;137;158;121m▇[38;2;123;143;110m▉[38;2;34;40;35m▍[38;2;0;0;0m [38;2;0;0;0m [38;2;0;0;0m [38;2;0;0;0m [0m
[38;2;0;0;0m [38;2;0;0;0m [38;2;0;0;0m [38;2;0;0;0m [38;2;0;0;0m [38;2;0;0;0m [38;2;0;0;0m [38;2;33;38;34m▗[38;2;111;129;99m▅[38;2;115;134;103m▇[38;2;118;137;105m▇[38;2;108;126;98m▌[38;2;33;35;33m▏[38;2;0;0;0m [38;2;0;0;0m [38;2;0;0;0m [38;2;31;36;31m▟[38;2;115;134;103m▇[38;2;169;142;80m▇[38;2;94;96;69m▇[38;2;113;131;101m▇[38;2;114;133;102m▇[38;2;137;159;121m▇[38;2;38;45;39m▋[38;2;0;0;0m [38;2;0;0;0m [38;2;0;0;0m [38;2;0;0;0m [0m
[38;2;0;0;0m [38;2;0;0;0m [38;2;0;0;0m [38;2;0;0;0m [38;2;10;11;10m▗[38;2;110;98;63m▃[38;2;178;149;86m▄[38;2;118;106;67m▅[38;2;139;160;123m▇[38;2;87;88;64m▇[38;2;89;101;77m▛[38;2;66;78;63m▘[38;2;2;2;2m▏[38;2;0;0;0m [38;2;0;0;0m [38;2;0;0;0m [38;2;27;31;28m▐[38;2;129;141;104m▜[38;2;121;134;99m▇[38;2;121;140;108m▃[38;2;132;154;118m▐[38;2;110;128;98m▇[38;2;120;139;106m▉[38;2;32;38;33m▍[38;2;0;0;0m [38;2;0;0;0m [38;2;0;0;0m [38;2;0;0;0m [0m
[38;2;0;0;0m [38;2;0;0;0m [38;2;0;0;0m [38;2;0;0;0m [38;2;36;43;38m▐[38;2;182;152;86m▇[38;2;103;66;50m▇[38;2;127;83;58m▇[38;2;121;134;101m▇[38;2;121;133;99m▇[38;2;133;116;71m▇[38;2;165;139;81m▄[38;2;62;62;46m▂[38;2;45;51;42m▂[38;2;129;126;87m▃[38;2;37;43;37m▂[38;2;170;143;82m▗[38;2;189;157;88m▛[38;2;35;39;33m▇[38;2;98;114;89m▇[38;2;126;147;112m▇[38;2;91;106;82m▇[38;2;72;86;68m▘[38;2;0;0;0m▏[38;2;0;0;0m [38;2;0;0;0m [38;2;0;0;0m [38;2;0;0;0m [0m
[38;2;0;0;0m [38;2;0;0;0m [38;2;0;0;0m [38;2;0;0;0m [38;2;32;36;33m⎝[38;2;127;111;69m▝[38;2;191;158;89m▀[38;2;155;132;77m▀[38;2;37;44;37m▀[38;2;98;113;88m▜[38;2;113;131;101m▇[38;2;126;137;101m▟[38;2;123;121;81m▇[38;2;107;112;86m▇[38;2;135;91;68m▇[38;2;103;116;89m▇[38;2;123;119;80m▇[38;2;133;154;119m▄[38;2;118;138;106m▇[38;2;118;137;105m▛[38;2;105;123;95m▇[38;2;119;139;107m▌[38;2;22;23;21m▏[38;2;0;0;0m [38;2;0;0;0m [38;2;0;0;0m [38;2;0;0;0m [38;2;0;0;0m [0m
[38;2;0;0;0m [38;2;0;0;0m [38;2;0;0;0m [38;2;0;0;0m [38;2;0;0;0m [38;2;0;0;0m [38;2;0;0;0m [38;2;0;0;0m [38;2;0;0;0m [38;2;0;0;0m [38;2;68;78;70m⏋[38;2;119;138;106m▐[38;2;110;103;79m▇[38;2;115;88;68m▇[38;2;145;84;65m▇[38;2;117;90;69m▇[38;2;113;118;91m▇[38;2;180;210;169m▓[38;2;123;143;110m▂[38;2;106;123;95m▟[38;2;97;113;88m▛[38;2;36;42;36m▘[38;2;0;0;0m [38;2;0;0;0m [38;2;0;0;0m [38;2;0;0;0m [38;2;0;0;0m [38;2;0;0;0m [0m
[38;2;0;0;0m [38;2;0;0;0m [38;2;0;0;0m [38;2;0;0;0m [38;2;0;0;0m [38;2;0;0;0m [38;2;0;0;0m [38;2;0;0;0m [38;2;0;0;0m [38;2;0;0;0m [38;2;4;4;4m⎾[38;2;54;62;51m▀[38;2;129;149;115m▀[38;2;94;110;85m▀[38;2;37;43;37m▀[38;2;116;134;104m▀[38;2;139;160;123m▀[38;2;118;137;105m▀[38;2;70;82;65m▀[38;2;20;23;20m▀[38;2;1;1;1m▏[38;2;0;0;0m [38;2;0;0;0m [38;2;0;0;0m [38;2;0;0;0m [38;2;0;0;0m [38;2;0;0;0m [38;2;0;0;0m [0m
