[38;2;0;0;0m [38;2;0;0;0m [38;2;17;21;19m▁[38;2;92;105;77m▂[38;2;123;139;99m▃[38;2;135;152;108m▂[38;2;34;40;34m▂[38;2;0;0;0m [38;2;0;0;0m [38;2;0;0;0m [38;2;0;0;0m [38;2;0;0;0m [38;2;0;0;0m [38;2;0;0;0m [38;2;0;0;0m [38;2;0;0;0m [38;2;0;0;0m [38;2;0;0;0m [38;2;0;0;0m [38;2;0;0;0m [38;2;0;0;0m [38;2;28;34;29m▂[38;2;129;146;104m▂[38;2;124;140;99m▃[38;2;100;115;84m▂[38;2;14;17;15m▖[38;2;0;0;0m [38;2;0;0;0m [0m
[38;2;0;0;0m [38;2;24;28;24m▂[38;2;70;78;57m▟[38;2;129;146;104m▉[38;2;108;69;48m▇[38;2;122;102;72m▛[38;2;122;137;98m▇[38;2;79;91;70m▎[38;2;0;0;0m [38;2;0;0;0m [38;2;0;0;0m [38;2;0;0;0m [38;2;0;0;0m [38;2;0;0;0m [38;2;0;0;0m [38;2;0;0;0m [38;2;0;0;0m [38;2;0;0;0m [38;2;0;0;0m [38;2;0;0;0m [38;2;53;63;50m▗[38;2;136;153;108m▟[38;2;96;88;63m▇[38;2;111;70;48m▇[38;2;114;130;93m▇[38;2;122;139;99m▍[38;2;29;33;28m▂[38;2;0;0;0m [0m
[38;2;39;45;41m▕[38;2;204;160;72m▐[38;2;201;159;72m▋[38;2;100;114;83m▜[38;2;120;127;91m▇[38;2;124;135;93m▟[38;2;100;114;83m▇[38;2;143;161;114m▌[38;2;14;15;14m▏[38;2;0;0;0m [38;2;0;0;0m [38;2;0;0;0m [38;2;0;0;0m [38;2;0;0;0m [38;2;0;0;0m [38;2;0;0;0m [38;2;0;0;0m [38;2;0;0;0m [38;2;0;0;0m [38;2;0;0;0m [38;2;128;145;104m▐[38;2;132;149;107m▊[38;2;131;133;89m▙[38;2;121;126;90m▇[38;2;106;121;87m▛[38;2;207;162;73m▐[38;2;182;145;67m▊[38;2;54;65;58m▏[0m
[38;2;1;1;1m⏉[38;2;111;96;53m▝[38;2;169;136;65m▜[38;2;105;102;64m▆[38;2;133;150;107m▊[38;2;117;107;63m▇[38;2;118;121;80m▇[38;2;94;108;78m▇[38;2;123;138;99m▄[38;2;44;53;43m▖[38;2;0;0;0m [38;2;0;0;0m [38;2;0;0;0m [38;2;0;0;0m [38;2;0;0;0m [38;2;0;0;0m [38;2;0;0;0m [38;2;0;0;0m [38;2;35;42;35m▗[38;2;117;133;96m▄[38;2;96;110;80m▇[38;2;134;138;91m▉[38;2;117;108;63m▇[38;2;108;121;87m▇[38;2;103;103;66m▆[38;2;173;138;65m▛[38;2;137;114;58m▘[38;2;5;5;5m▏[0m
[38;2;0;0;0m [38;2;0;0;0m [38;2;2;3;3m⏉[38;2;82;94;71m▐[38;2;129;146;104m▉[38;2;70;70;48m▇[38;2;144;136;82m▇[38;2;151;123;61m▇[38;2;118;119;77m▇[38;2;123;139;100m▉[38;2;33;41;36m▎[38;2;0;0;0m [38;2;0;0;0m [38;2;0;0;0m [38;2;0;0;0m [38;2;0;0;0m [38;2;0;0;0m [38;2;60;73;66m⎧[38;2;123;139;100m▟[38;2;118;121;79m▇[38;2;152;124;60m▇[38;2;144;135;80m▇[38;2;94;91;59m▛[38;2;131;148;106m▟[38;2;117;134;98m▍[38;2;4;4;4m⏋[38;2;0;0;0m [38;2;0;0;0m [0m
[38;2;0;0;0m [38;2;0;0;0m [38;2;0;0;0m [38;2;42;52;46m⎝[38;2;101;116;84m▀[38;2;88;101;75m▇[38;2;139;156;111m▇[38;2;90;103;76m▅[38;2;119;134;95m▇[38;2;118;120;78m▉[38;2;30;37;33m▍[38;2;0;0;0m [38;2;0;0;0m [38;2;0;0;0m [38;2;0;0;0m [38;2;0;0;0m [38;2;0;0;0m [38;2;20;24;22m▐[38;2;107;108;70m▇[38;2;120;135;96m▇[38;2;96;111;81m▄[38;2;136;153;109m▇[38;2;86;100;74m▇[38;2;106;121;88m▀[38;2;20;25;22m▘[38;2;0;0;0m [38;2;0;0;0m [38;2;0;0;0m [0m
[38;2;0;0;0m [38;2;0;0;0m [38;2;0;0;0m [38;2;0;0;0m [38;2;0;0;0m [38;2;21;25;22m▝[38;2;86;99;74m▜[38;2;119;134;97m▇[38;2;99;114;83m▃[38;2;176;140;64m▇[38;2;204;164;77m▎[38;2;23;27;24m▏[38;2;0;0;0m [38;2;0;0;0m [38;2;0;0;0m [38;2;0;0;0m [38;2;25;28;27m⎛[38;2;238;189;87m▕[38;2;204;159;71m▉[38;2;93;107;79m▃[38;2;117;133;96m▇[38;2;92;105;77m▛[38;2;23;27;24m▘[38;2;0;0;0m [38;2;0;0;0m [38;2;0;0;0m [38;2;0;0;0m [38;2;0;0;0m [0m
[38;2;0;0;0m [38;2;0;0;0m [38;2;0;0;0m [38;2;0;0;0m [38;2;0;0;0m [38;2;0;0;0m [38;2;12;13;13m⎾[38;2;47;56;45m▜[38;2;98;105;72m▇[38;2;186;146;66m▇[38;2;100;110;78m▇[38;2;44;53;43m▙[38;2;6;6;6m▏[38;2;0;0;0m [38;2;0;0;0m [38;2;1;1;1m╲[38;2;39;47;39m▟[38;2;98;110;79m▇[38;2;187;148;67m▇[38;2;102;107;72m▇[38;2;51;62;49m▛[38;2;12;14;12m▏[38;2;0;0;0m [38;2;0;0;0m [38;2;0;0;0m [38;2;0;0;0m [38;2;0;0;0m [38;2;0;0;0m [0m
[38;2;0;0;0m [38;2;0;0;0m [38;2;0;0;0m [38;2;0;0;0m [38;2;0;0;0m [38;2;0;0;0m [38;2;0;0;0m [38;2;45;53;49m⎝[38;2;132;110;55m▐[38;2;196;154;69m▊[38;2;98;112;82m▜[38;2;120;136;97m▇[38;2;78;92;69m▖[38;2;0;0;0m [38;2;0;0;0m [38;2;66;77;59m▗[38;2;118;134;96m▇[38;2;102;117;85m▛[38;2;180;143;65m▟[38;2;189;151;70m▍[38;2;17;20;18m▘[38;2;0;0;0m [38;2;0;0;0m [38;2;0;0;0m [38;2;0;0;0m [38;2;0;0;0m [38;2;0;0;0m [38;2;0;0;0m [0m
[38;2;0;0;0m [38;2;0;0;0m [38;2;0;0;0m [38;2;0;0;0m [38;2;0;0;0m [38;2;0;0;0m [38;2;0;0;0m [38;2;0;0;0m [38;2;23;28;26m▝[38;2;126;106;54m▀[38;2;133;151;107m▇[38;2;77;86;61m▇[38;2;137;155;109m▙[38;2;96;114;89m▏[38;2;41;50;41m▗[38;2;138;155;110m▟[38;2;78;87;62m▇[38;2;134;152;108m▇[38;2;95;87;51m▛[38;2;26;33;29m▘[38;2;0;0;0m [38;2;0;0;0m [38;2;0;0;0m [38;2;0;0;0m [38;2;0;0;0m [38;2;0;0;0m [38;2;0;0;0m [38;2;0;0;0m [0m
[38;2;0;0;0m [38;2;0;0;0m [38;2;0;0;0m [38;2;0;0;0m [38;2;0;0;0m [38;2;0;0;0m [38;2;0;0;0m [38;2;0;0;0m [38;2;0;0;0m [38;2;29;36;32m▝[38;2;132;149;106m▜[38;2;125;124;78m▇[38;2;138;116;59m▇[38;2;155;133;69m▙[38;2;157;137;74m▟[38;2;147;125;66m▇[38;2;124;122;76m▇[38;2;135;153;108m▛[38;2;33;41;36m▘[38;2;0;0;0m [38;2;0;0;0m [38;2;0;0;0m [38;2;0;0;0m [38;2;0;0;0m [38;2;0;0;0m [38;2;0;0;0m [38;2;0;0;0m [38;2;0;0;0m [0m
[38;2;0;0;0m [38;2;0;0;0m [38;2;0;0;0m [38;2;0;0;0m [38;2;0;0;0m [38;2;0;0;0m [38;2;0;0;0m [38;2;0;0;0m [38;2;0;0;0m [38;2;0;0;0m [38;2;36;44;38m▝[38;2;115;131;94m▜[38;2;101;116;85m▇[38;2;102;96;65m▇[38;2;255;255;174m▓[38;2;104;118;86m▇[38;2;118;134;97m▛[38;2;43;53;43m▘[38;2;0;0;0m [38;2;0;0;0m [38;2;0;0;0m [38;2;0;0;0m [38;2;0;0;0m [38;2;0;0;0m [38;2;0;0;0m [38;2;0;0;0m [38;2;0;0;0m [38;2;0;0;0m [0m
[38;2;0;0;0m [38;2;0;0;0m [38;2;0;0;0m [38;2;0;0;0m [38;2;0;0;0m [38;2;0;0;0m [38;2;0;0;0m [38;2;0;0;0m [38;2;0;0;0m [38;2;0;0;0m [38;2;20;24;21m▐[38;2;119;136;97m▆[38;2;113;129;92m▇[38;2;100;63;45m▇[38;2;114;68;47m▉[38;2;110;125;90m▇[38;2;121;138;98m▉[38;2;29;35;31m▍[38;2;0;0;0m [38;2;0;0;0m [38;2;0;0;0m [38;2;0;0;0m [38;2;0;0;0m [38;2;0;0;0m [38;2;0;0;0m [38;2;0;0;0m [38;2;0;0;0m [38;2;0;0;0m [0m
[38;2;0;0;0m [38;2;0;0;0m [38;2;0;0;0m [38;2;0;0;0m [38;2;0;0;0m [38;2;0;0;0m [38;2;0;0;0m [38;2;0;0;0m [38;2;0;0;0m [38;2;0;0;0m [38;2;8;9;8m⎾[38;2;36;42;35m▀[38;2;47;55;44m▀[38;2;96;101;69m▀[38;2;98;105;72m▀[38;2;44;52;42m▀[38;2;57;67;52m▘[38;2;7;8;7m▏[38;2;0;0;0m [38;2;0;0;0m [38;2;0;0;0m [38;2;0;0;0m [38;2;0;0;0m [38;2;0;0;0m [38;2;0;0;0m [38;2;0;0;0m [38;2;0;0;0m [38;2;0;0;0m [0m
