[38;2;0;0;0m [38;2;0;0;0m [38;2;0;0;0m [38;2;0;0;0m [38;2;0;0;0m [38;2;0;0;0m [38;2;0;0;0m [38;2;0;0;0m [38;2;0;0;0m [38;2;11;12;11m▁[38;2;31;38;33m▁[38;2;16;19;17m▁[38;2;70;83;63m▁[38;2;122;140;103m▃[38;2;126;144;106m▃[38;2;85;99;75m▁[38;2;14;16;15m▁[38;2;31;38;33m▁[38;2;12;14;13m▁[38;2;0;0;0m [38;2;0;0;0m [38;2;0;0;0m [38;2;0;0;0m [38;2;0;0;0m [38;2;0;0;0m [38;2;0;0;0m [38;2;0;0;0m [38;2;0;0;0m [0m
[38;2;0;0;0m [38;2;0;0;0m [38;2;0;0;0m [38;2;0;0;0m [38;2;0;0;0m [38;2;0;0;0m [38;2;0;0;0m [38;2;28;34;28m▗[38;2;115;132;97m▄[38;2;107;123;91m▆[38;2;84;97;72m▇[38;2;113;130;95m▆[38;2;104;121;89m▇[38;2;253;214;156m▓[38;2;92;70;50m▇[38;2;107;124;91m▇[38;2;116;133;98m▆[38;2;84;97;72m▇[38;2;106;122;90m▆[38;2;122;139;102m▄[38;2;37;46;37m▖[38;2;0;0;0m [38;2;0;0;0m [38;2;0;0;0m [38;2;0;0;0m [38;2;0;0;0m [38;2;0;0;0m [38;2;0;0;0m [0m
[38;2;0;0;0m [38;2;0;0;0m [38;2;0;0;0m [38;2;0;0;0m [38;2;0;0;0m [38;2;0;0;0m [38;2;39;43;40m⎛[38;2;106;122;90m▟[38;2;108;125;92m▛[38;2;147;122;60m▃[38;2;142;119;59m▆[38;2;90;99;70m▇[38;2;95;110;82m▇[38;2;111;128;94m▇[38;2;110;127;94m▇[38;2;95;111;82m▇[38;2;89;100;72m▇[38;2;140;118;59m▆[38;2;163;133;63m▃[38;2;96;112;83m▜[38;2;122;140;102m▊[38;2;36;43;38m▏[38;2;0;0;0m [38;2;0;0;0m [38;2;0;0;0m [38;2;0;0;0m [38;2;0;0;0m [38;2;0;0;0m [0m
[38;2;0;0;0m [38;2;0;0;0m [38;2;0;0;0m [38;2;0;0;0m [38;2;0;0;0m [38;2;53;53;34m▗[38;2;165;134;63m▟[38;2;96;106;75m▇[38;2;108;118;82m▇[38;2;131;131;83m▇[38;2;117;134;99m▛[38;2;111;128;95m▀[38;2;41;49;39m▀[38;2;49;60;53m⏟[38;2;37;45;40m⎴[38;2;39;47;38m▀[38;2;106;122;91m▀[38;2;116;133;98m▜[38;2;131;134;88m▇[38;2;109;116;78m▇[38;2;112;129;95m▊[38;2;169;137;64m▙[38;2;71;67;40m▖[38;2;0;0;0m [38;2;0;0;0m [38;2;0;0;0m [38;2;0;0;0m [38;2;0;0;0m [0m
[38;2;0;0;0m [38;2;0;0;0m [38;2;0;0;0m [38;2;0;0;0m [38;2;0;0;0m [38;2;195;157;72m▐[38;2;191;154;72m▌[38;2;110;127;94m▃[38;2;129;147;107m▇[38;2;62;75;57m▛[38;2;8;9;8m▘[38;2;0;0;0m [38;2;0;0;0m [38;2;0;0;0m [38;2;0;0;0m [38;2;0;0;0m [38;2;0;0;0m [38;2;14;17;15m⏉[38;2;73;86;64m▜[38;2;121;138;101m▇[38;2;114;131;96m▃[38;2;166;135;64m▐[38;2;186;150;68m▋[38;2;9;10;9m▏[38;2;0;0;0m [38;2;0;0;0m [38;2;0;0;0m [38;2;0;0;0m [0m
[38;2;0;0;0m [38;2;0;0;0m [38;2;0;0;0m [38;2;0;0;0m [38;2;15;18;16m▗[38;2;98;102;69m▟[38;2;163;135;65m▇[38;2;117;117;75m▛[38;2;115;133;97m▇[38;2;213;245;179m▏[38;2;0;0;0m [38;2;0;0;0m [38;2;0;0;0m [38;2;0;0;0m [38;2;0;0;0m [38;2;0;0;0m [38;2;0;0;0m [38;2;0;0;0m [38;2;206;238;177m⏉[38;2;123;140;103m▇[38;2;108;110;71m▜[38;2;163;135;65m▇[38;2;108;111;73m▙[38;2;20;25;21m▖[38;2;0;0;0m [38;2;0;0;0m [38;2;0;0;0m [38;2;0;0;0m [0m
[38;2;0;0;0m [38;2;0;0;0m [38;2;0;0;0m [38;2;44;52;46m⎛[38;2;106;123;90m▟[38;2;90;91;68m▇[38;2;73;50;37m▟[38;2;110;116;78m▇[38;2;113;126;90m▉[38;2;43;57;48m▏[38;2;0;0;0m [38;2;0;0;0m [38;2;0;0;0m [38;2;0;0;0m [38;2;0;0;0m [38;2;0;0;0m [38;2;0;0;0m [38;2;0;0;0m [38;2;29;36;32m▕[38;2;113;129;95m▜[38;2;116;123;84m▇[38;2;72;51;37m▙[38;2;86;83;62m▇[38;2;118;135;99m▙[38;2;31;39;33m▏[38;2;0;0;0m [38;2;0;0;0m [38;2;0;0;0m [0m
[38;2;0;0;0m [38;2;0;0;0m [38;2;0;0;0m [38;2;51;61;54m⎝[38;2;118;135;99m▜[38;2;228;240;179m▓[38;2;107;97;71m▇[38;2;123;123;77m▇[38;2;135;116;60m▉[38;2;46;58;50m▏[38;2;0;0;0m [38;2;0;0;0m [38;2;0;0;0m [38;2;0;0;0m [38;2;0;0;0m [38;2;0;0;0m [38;2;0;0;0m [38;2;0;0;0m [38;2;28;34;30m▕[38;2;113;100;55m▇[38;2;130;126;78m▇[38;2;106;99;73m▇[38;2;80;80;60m▇[38;2;125;143;105m▊[38;2;34;45;38m▏[38;2;0;0;0m [38;2;0;0;0m [38;2;0;0;0m [0m
[38;2;0;0;0m [38;2;0;0;0m [38;2;0;0;0m [38;2;0;0;0m [38;2;32;40;33m▝[38;2;119;131;92m▜[38;2;113;125;90m▇[38;2;113;110;68m▉[38;2;116;133;97m▇[38;2;195;225;165m▏[38;2;0;0;0m [38;2;0;0;0m [38;2;0;0;0m [38;2;0;0;0m [38;2;0;0;0m [38;2;0;0;0m [38;2;0;0;0m [38;2;0;0;0m [38;2;118;138;103m▕[38;2;132;151;110m▉[38;2;94;93;59m▇[38;2;113;125;89m▇[38;2;126;139;98m▛[38;2;42;53;41m▘[38;2;0;0;0m [38;2;0;0;0m [38;2;0;0;0m [38;2;0;0;0m [0m
[38;2;0;0;0m [38;2;0;0;0m [38;2;0;0;0m [38;2;0;0;0m [38;2;0;0;0m [38;2;196;157;72m▐[38;2;186;151;71m▌[38;2;123;141;103m▀[38;2;121;139;102m▇[38;2;134;155;114m▎[38;2;6;7;6m▁[38;2;0;0;0m [38;2;0;0;0m [38;2;0;0;0m [38;2;0;0;0m [38;2;0;0;0m [38;2;0;0;0m [38;2;4;4;4m▁[38;2;82;97;72m▐[38;2;123;141;104m▇[38;2;98;114;85m▛[38;2;159;130;61m▐[38;2;188;150;68m▋[38;2;10;11;10m▏[38;2;0;0;0m [38;2;0;0;0m [38;2;0;0;0m [38;2;0;0;0m [0m
[38;2;0;0;0m [38;2;0;0;0m [38;2;0;0;0m [38;2;0;0;0m [38;2;0;0;0m [38;2;243;199;95m⎝[38;2;145;119;57m▇[38;2;108;119;83m▟[38;2;113;124;87m▇[38;2;125;129;86m▇[38;2;113;130;96m▙[38;2;119;136;101m▂[38;2;48;60;48m▁[38;2;10;11;10m▁[38;2;8;10;9m▁[38;2;44;56;45m▁[38;2;113;130;97m▂[38;2;115;132;97m▅[38;2;124;132;90m▇[38;2;119;127;87m▇[38;2;110;123;88m▙[38;2;147;120;57m▇[38;2;114;100;52m▘[38;2;0;0;0m [38;2;0;0;0m [38;2;0;0;0m [38;2;0;0;0m [38;2;0;0;0m [0m
[38;2;0;0;0m [38;2;0;0;0m [38;2;0;0;0m [38;2;0;0;0m [38;2;0;0;0m [38;2;0;0;0m [38;2;39;47;42m⏉[38;2;116;133;98m▜[38;2;125;143;106m▌[38;2;166;136;65m▀[38;2;128;109;56m▇[38;2;94;103;73m▇[38;2;100;116;86m▇[38;2;112;129;95m▆[38;2;115;132;98m▆[38;2;100;116;85m▇[38;2;92;104;75m▇[38;2;125;108;57m▇[38;2;180;145;68m▀[38;2;107;123;91m▐[38;2;128;146;107m▊[38;2;39;48;43m▏[38;2;0;0;0m [38;2;0;0;0m [38;2;0;0;0m [38;2;0;0;0m [38;2;0;0;0m [38;2;0;0;0m [0m
[38;2;0;0;0m [38;2;0;0;0m [38;2;0;0;0m [38;2;0;0;0m [38;2;0;0;0m [38;2;0;0;0m [38;2;0;0;0m [38;2;48;59;46m▝[38;2;112;128;95m▜[38;2;108;124;92m▆[38;2;132;151;110m▄[38;2;126;144;106m▟[38;2;107;124;91m▇[38;2;94;80;58m▇[38;2;95;73;53m▇[38;2;109;126;93m▇[38;2;112;129;95m▇[38;2;132;150;110m▄[38;2;117;135;99m▅[38;2;114;131;96m▛[38;2;64;78;59m▘[38;2;0;0;0m [38;2;0;0;0m [38;2;0;0;0m [38;2;0;0;0m [38;2;0;0;0m [38;2;0;0;0m [38;2;0;0;0m [0m
[38;2;0;0;0m [38;2;0;0;0m [38;2;0;0;0m [38;2;0;0;0m [38;2;0;0;0m [38;2;0;0;0m [38;2;0;0;0m [38;2;0;0;0m [38;2;0;0;0m [38;2;28;33;30m⎴[38;2;50;64;55m⎴[38;2;49;60;52m⏟[38;2;79;92;70m▝[38;2;129;148;109m▀[38;2;128;147;108m▀[38;2;92;109;81m▘[38;2;37;44;40m⎴[38;2;49;64;54m⎴[38;2;44;52;47m⏟[38;2;1;1;1m▏[38;2;0;0;0m [38;2;0;0;0m [38;2;0;0;0m [38;2;0;0;0m [38;2;0;0;0m [38;2;0;0;0m [38;2;0;0;0m [38;2;0;0;0m [0m
