[38;2;0;0;0m [38;2;0;0;0m [38;2;0;0;0m [38;2;0;0;0m [38;2;0;0;0m [38;2;0;0;0m [38;2;0;0;0m [38;2;0;0;0m [38;2;0;0;0m [38;2;10;11;10m▁[38;2;30;36;31m▂[38;2;127;148;109m▁[38;2;127;147;106m▂[38;2;142;164;117m▂[38;2;119;138;100m▃[38;2;141;163;117m▂[38;2;117;135;99m▂[38;2;83;97;74m▁[38;2;52;60;53m⏞[38;2;15;18;16m▁[38;2;88;103;78m▁[38;2;112;131;95m▂[38;2;128;149;108m▁[38;2;48;57;49m⏞[38;2;0;0;0m [38;2;0;0;0m [38;2;0;0;0m [38;2;0;0;0m [0m
[38;2;0;0;0m [38;2;0;0;0m [38;2;0;0;0m [38;2;0;0;0m [38;2;0;0;0m [38;2;0;0;0m [38;2;0;0;0m [38;2;28;34;28m▂[38;2;109;126;92m▃[38;2;129;148;108m▅[38;2;121;140;101m▇[38;2;103;116;82m▇[38;2;132;153;111m▀[38;2;104;120;89m▀[38;2;90;105;78m▀[38;2;216;251;190m▓[38;2;103;119;88m▇[38;2;114;132;96m▇[38;2;125;144;104m▆[38;2;80;94;70m▟[38;2;117;136;99m▇[38;2;127;93;67m▇[38;2;135;156;113m▜[38;2;116;135;98m▋[38;2;41;48;42m▏[38;2;0;0;0m [38;2;0;0;0m [38;2;0;0;0m [0m
[38;2;0;0;0m [38;2;0;0;0m [38;2;0;0;0m [38;2;0;0;0m [38;2;0;0;0m [38;2;14;16;14m▗[38;2;92;107;80m▃[38;2;120;139;101m▇[38;2;122;140;102m▇[38;2;114;128;92m▀[38;2;165;135;61m▀[38;2;194;155;68m▀[38;2;141;134;79m▇[38;2;116;129;91m▇[38;2;118;128;88m▇[38;2;139;131;78m▇[38;2;209;209;137m▓[38;2;92;108;88m▓[38;2;110;128;93m▇[38;2;121;140;102m▉[38;2;92;68;50m▇[38;2;111;88;63m▇[38;2;118;136;99m▇[38;2;74;88;66m▛[38;2;18;21;19m▏[38;2;0;0;0m [38;2;0;0;0m [38;2;0;0;0m [0m
[38;2;0;0;0m [38;2;0;0;0m [38;2;0;0;0m [38;2;0;0;0m [38;2;39;44;41m⎛[38;2;81;95;71m▟[38;2;134;154;111m▇[38;2;114;132;97m▇[38;2;97;115;90m▏[38;2;52;62;48m▂[38;2;108;125;91m▅[38;2;116;135;98m▇[38;2;117;135;99m▀[38;2;31;37;31m▀[38;2;15;18;16m▀[38;2;87;79;47m▀[38;2;192;157;73m▀[38;2;150;129;68m▜[38;2;117;108;64m▇[38;2;107;106;68m▇[38;2;115;123;86m▛[38;2;121;139;101m▀[38;2;62;74;57m▘[38;2;8;10;9m▏[38;2;0;0;0m [38;2;0;0;0m [38;2;0;0;0m [38;2;0;0;0m [0m
[38;2;0;0;0m [38;2;0;0;0m [38;2;0;0;0m [38;2;12;14;12m▁[38;2;148;122;58m▗[38;2;114;129;93m▇[38;2;135;154;113m▇[38;2;105;102;62m▇[38;2;167;136;64m▅[38;2;120;133;93m▇[38;2;106;124;90m▛[38;2;40;48;40m▘[38;2;0;0;0m [38;2;0;0;0m [38;2;0;0;0m [38;2;0;0;0m [38;2;0;0;0m [38;2;0;0;0m [38;2;0;0;0m [38;2;0;0;0m [38;2;0;0;0m [38;2;0;0;0m [38;2;0;0;0m [38;2;0;0;0m [38;2;0;0;0m [38;2;0;0;0m [38;2;0;0;0m [38;2;0;0;0m [0m
[38;2;0;0;0m [38;2;0;0;0m [38;2;0;0;0m [38;2;47;50;36m▐[38;2;197;156;67m▇[38;2;104;106;69m▀[38;2;114;132;96m▇[38;2;116;134;98m▇[38;2;96;96;62m▇[38;2;192;152;66m▉[38;2;29;36;31m▌[38;2;0;0;0m [38;2;0;0;0m [38;2;0;0;0m [38;2;6;7;6m▁[38;2;13;15;13m▁[38;2;15;17;16m▁[38;2;16;18;16m▁[38;2;16;17;16m▁[38;2;15;17;15m▁[38;2;15;17;16m▁[38;2;15;17;15m▁[38;2;16;18;16m▁[38;2;13;15;13m▁[38;2;7;7;7m▁[38;2;0;0;0m [38;2;0;0;0m [38;2;0;0;0m [0m
[38;2;0;0;0m [38;2;0;0;0m [38;2;0;0;0m [38;2;32;37;30m▐[38;2;142;123;64m▇[38;2;116;133;96m▇[38;2;115;133;97m▛[38;2;97;110;79m▇[38;2;120;137;98m▇[38;2;154;133;68m▛[38;2;24;29;26m▍[38;2;0;0;0m [38;2;0;0;0m [38;2;0;0;0m [38;2;44;53;42m⏺[38;2;117;135;99m▆[38;2;125;144;105m▆[38;2;110;128;94m▆[38;2;111;129;94m▆[38;2;112;130;95m▆[38;2;111;128;94m▆[38;2;112;129;94m▆[38;2;128;148;107m▆[38;2;115;133;97m▆[38;2;122;144;110m▏[38;2;0;0;0m [38;2;0;0;0m [38;2;0;0;0m [0m
[38;2;0;0;0m [38;2;0;0;0m [38;2;0;0;0m [38;2;43;51;41m▐[38;2;127;146;106m▇[38;2;94;94;69m▇[38;2;140;70;49m▆[38;2;146;75;50m▙[38;2;120;139;101m▇[38;2;127;146;106m▊[38;2;39;46;40m▎[38;2;0;0;0m [38;2;0;0;0m [38;2;0;0;0m [38;2;1;1;1m⏉[38;2;45;54;43m▜[38;2;110;128;93m▇[38;2;125;145;105m▛[38;2;121;141;102m▜[38;2;108;126;92m▇[38;2;123;142;103m▛[38;2;103;120;88m▇[38;2;113;131;95m▇[38;2;44;54;43m▋[38;2;0;0;0m▏[38;2;0;0;0m [38;2;0;0;0m [38;2;0;0;0m [0m
[38;2;0;0;0m [38;2;0;0;0m [38;2;0;0;0m [38;2;81;95;71m▐[38;2;133;154;111m▇[38;2;221;211;157m▓[38;2;134;78;48m▇[38;2;89;67;49m▇[38;2;128;148;106m▇[38;2;112;130;95m▋[38;2;37;44;38m▏[38;2;0;0;0m [38;2;0;0;0m [38;2;0;0;0m [38;2;0;0;0m [38;2;27;33;29m▝[38;2;96;112;83m▜[38;2;125;144;104m▙[38;2;103;121;89m▛[38;2;161;76;52m▆[38;2;93;108;80m▜[38;2;97;114;84m▇[38;2;115;134;97m▛[38;2;31;38;32m▘[38;2;0;0;0m [38;2;0;0;0m [38;2;0;0;0m [38;2;0;0;0m [0m
[38;2;0;0;0m [38;2;0;0;0m [38;2;0;0;0m [38;2;32;38;32m▐[38;2;120;138;100m▇[38;2;132;152;110m▙[38;2;94;96;62m▇[38;2;125;144;104m▇[38;2;127;127;79m▇[38;2;155;128;60m▖[38;2;6;7;7m▏[38;2;0;0;0m [38;2;0;0;0m [38;2;0;0;0m [38;2;0;0;0m [38;2;0;0;0m [38;2;125;107;53m▗[38;2;148;128;66m▇[38;2;105;122;90m▇[38;2;96;113;83m▅[38;2;106;123;90m▇[38;2;105;123;90m▇[38;2;102;120;88m▍[38;2;0;0;0m [38;2;0;0;0m [38;2;0;0;0m [38;2;0;0;0m [38;2;0;0;0m [0m
[38;2;0;0;0m [38;2;0;0;0m [38;2;0;0;0m [38;2;4;5;4m⎾[38;2;93;109;81m▝[38;2;98;114;84m▇[38;2;125;144;104m▇[38;2;80;94;70m▙[38;2;203;162;70m▝[38;2;182;145;64m▇[38;2;141;118;58m▖[38;2;14;17;15m▁[38;2;0;0;0m [38;2;0;0;0m [38;2;0;0;0m [38;2;0;0;0m [38;2;116;101;53m▝[38;2;179;143;64m▇[38;2;146;134;76m▟[38;2;93;104;73m▇[38;2;128;148;106m▆[38;2;114;133;97m▟[38;2;126;147;107m▍[38;2;10;10;10m▁[38;2;0;0;0m [38;2;0;0;0m [38;2;0;0;0m [38;2;0;0;0m [0m
[38;2;0;0;0m [38;2;0;0;0m [38;2;0;0;0m [38;2;0;0;0m [38;2;47;56;49m▕[38;2;97;113;83m▇[38;2;125;144;105m▋[38;2;114;131;96m▜[38;2;113;131;96m▇[38;2;119;128;87m▇[38;2;162;137;68m▇[38;2;166;134;61m▙[38;2;146;127;66m▂[38;2;134;154;112m▂[38;2;125;145;105m▃[38;2;128;148;107m▄[38;2;118;137;100m▆[38;2;101;116;84m▛[38;2;147;123;59m▀[38;2;180;145;65m▀[38;2;127;147;106m▇[38;2;106;123;90m▇[38;2;116;134;98m▆[38;2;126;145;105m▅[38;2;106;125;96m▏[38;2;0;0;0m [38;2;0;0;0m [38;2;0;0;0m [0m
[38;2;0;0;0m [38;2;0;0;0m [38;2;0;0;0m [38;2;0;0;0m [38;2;1;1;1m⏉[38;2;86;100;75m▝[38;2;112;129;95m▜[38;2;89;104;78m▇[38;2;108;125;92m▛[38;2;113;131;96m⏺[38;2;106;123;91m▇[38;2;115;126;87m▟[38;2;138;130;76m▇[38;2;143;131;73m▇[38;2;120;122;79m▇[38;2;212;244;181m▓[38;2;140;162;117m▂[38;2;134;155;112m▃[38;2;124;143;104m▅[38;2;120;138;100m▇[38;2;98;114;84m▇[38;2;109;127;93m▙[38;2;98;114;84m▇[38;2;118;138;100m▛[38;2;52;63;50m▘[38;2;0;0;0m [38;2;0;0;0m [38;2;0;0;0m [0m
[38;2;0;0;0m [38;2;0;0;0m [38;2;0;0;0m [38;2;0;0;0m [38;2;0;0;0m [38;2;0;0;0m [38;2;2;2;2m⏉[38;2;23;25;24m⏉[38;2;2;2;2m⏋[38;2;17;19;18m⏉[38;2;23;27;24m▀[38;2;66;78;60m▀[38;2;102;118;87m▀[38;2;125;144;105m▀[38;2;134;155;112m▀[38;2;134;154;112m▀[38;2;122;141;103m▀[38;2;97;113;84m▀[38;2;57;68;53m▀[38;2;18;21;19m▀[38;2;30;35;31m⏉[38;2;62;76;66m⎴[38;2;65;77;68m⎴[38;2;6;7;7m▘[38;2;0;0;0m [38;2;0;0;0m [38;2;0;0;0m [38;2;0;0;0m [0m
