[38;2;0;0;0m [38;2;0;0;0m [38;2;0;0;0m [38;2;0;0;0m [38;2;0;0;0m [38;2;0;0;0m [38;2;0;0;0m [38;2;0;0;0m [38;2;0;0;0m [38;2;0;0;0m [38;2;0;0;0m [38;2;1;1;1mq[38;2;65;78;64m_[38;2;113;136;102mg[38;2;127;151;113mg[38;2;100;122;93m_[38;2;8;9;7my[38;2;0;0;0m [38;2;0;0;0m [38;2;0;0;0m [38;2;0;0;0m [38;2;0;0;0m [38;2;0;0;0m [38;2;0;0;0m [38;2;0;0;0m [38;2;0;0;0m [38;2;0;0;0m [38;2;0;0;0m [0m
[38;2;0;0;0m [38;2;0;0;0m [38;2;0;0;0m [38;2;0;0;0m [38;2;0;0;0m [38;2;0;0;0m [38;2;0;0;0m [38;2;0;0;0m [38;2;0;0;0m [38;2;0;0;0m [38;2;92;80;42mq[38;2;226;176;67mp[38;2;203;164;66mW[38;2;135;130;71m@[38;2;139;164;120mM[38;2;147;174;129mg[38;2;247;203;81m%[38;2;116;105;56mg[38;2;0;0;0my[38;2;0;0;0m [38;2;0;0;0m [38;2;0;0;0m [38;2;0;0;0m [38;2;0;0;0m [38;2;0;0;0m [38;2;0;0;0m [38;2;0;0;0m [38;2;0;0;0m [0m
[38;2;0;0;0m [38;2;0;0;0m [38;2;0;0;0m [38;2;0;0;0m [38;2;0;0;0m [38;2;0;0;0m [38;2;0;0;0m [38;2;0;0;0m [38;2;0;0;0m [38;2;0;0;0m [38;2;58;57;40m7[38;2;160;180;132mW[38;2;132;147;108mM[38;2;189;180;91m@[38;2;173;194;131mW[38;2;139;160;119mM[38;2;151;174;131m@[38;2;65;67;46mE[38;2;0;0;0m [38;2;0;0;0m [38;2;0;0;0m [38;2;0;0;0m [38;2;0;0;0m [38;2;0;0;0m [38;2;0;0;0m [38;2;0;0;0m [38;2;0;0;0m [38;2;0;0;0m [0m
[38;2;0;0;0m [38;2;0;0;0m [38;2;0;0;0m [38;2;0;0;0m [38;2;0;0;0m [38;2;0;0;0m [38;2;0;0;0m [38;2;0;0;0m [38;2;0;0;0m [38;2;23;26;23mg[38;2;128;145;111m@[38;2;122;143;107mQ[38;2;157;192;138m@[38;2;94;114;87mP[38;2;84;95;76m7[38;2;162;190;141m@[38;2;133;154;117m@[38;2;142;157;123mg[38;2;40;45;38my[38;2;0;0;0m [38;2;0;0;0m [38;2;0;0;0m [38;2;0;0;0m [38;2;0;0;0m [38;2;0;0;0m [38;2;0;0;0m [38;2;0;0;0m [38;2;0;0;0m [0m
[38;2;0;0;0m [38;2;0;0;0m [38;2;0;0;0m [38;2;0;0;0m [38;2;0;0;0m [38;2;0;0;0m [38;2;0;0;0m [38;2;24;28;25m_[38;2;116;96;46mg[38;2;170;133;54mg[38;2;165;177;113mW[38;2;158;192;138m@[38;2;63;75;61mF[38;2;0;0;0m\[38;2;0;0;0m/[38;2;54;64;52mM[38;2;156;189;136m@[38;2;140;151;92mg[38;2;194;162;70m&[38;2;126;107;50mg[38;2;25;28;25m_[38;2;0;0;0m [38;2;0;0;0m [38;2;0;0;0m [38;2;0;0;0m [38;2;0;0;0m [38;2;0;0;0m [38;2;0;0;0m [0m
[38;2;0;0;0m [38;2;0;0;0m [38;2;0;0;0m [38;2;0;0;0m [38;2;0;0;0m [38;2;0;0;0m [38;2;0;0;0m [38;2;123;103;53mM[38;2;195;167;85m@[38;2;122;145;108mQ[38;2;155;188;136mW[38;2;73;86;69m7[38;2;0;0;0m\[38;2;0;0;0m [38;2;0;0;0m [38;2;1;1;1m/[38;2;81;94;74mM[38;2;152;178;133m@[38;2;137;148;102mQ[38;2;216;175;72m][38;2;179;146;61mL[38;2;0;0;0m [38;2;0;0;0m [38;2;0;0;0m [38;2;0;0;0m [38;2;0;0;0m [38;2;0;0;0m [38;2;0;0;0m [0m
[38;2;0;0;0m [38;2;0;0;0m [38;2;0;0;0m [38;2;0;0;0m [38;2;0;0;0m [38;2;0;0;0m [38;2;21;24;21mQ[38;2;136;164;121mW[38;2;150;177;125mM[38;2;134;123;68mp[38;2;123;150;110m@[38;2;16;18;16mL[38;2;11;12;11mg[38;2;33;37;33m_[38;2;32;35;33m_[38;2;9;11;9mg[38;2;20;22;20mJ[38;2;137;168;122m$[38;2;135;131;76mQ[38;2;153;181;130mM[38;2;130;158;115mg[38;2;19;22;19mg[38;2;0;0;0m [38;2;0;0;0m [38;2;0;0;0m [38;2;0;0;0m [38;2;0;0;0m [38;2;0;0;0m [0m
[38;2;0;0;0m [38;2;0;0;0m [38;2;0;0;0m [38;2;0;0;0m [38;2;0;0;0m [38;2;15;17;15mq[38;2;119;144;106m@[38;2;127;138;101mB[38;2;144;87;62m@[38;2;235;178;62m@[38;2;139;171;126mW[38;2;145;176;130m@[38;2;150;182;133m@[38;2;157;190;139mW[38;2;159;190;140mW[38;2;149;177;132m@[38;2;146;177;130m@[38;2;140;172;126mW[38;2;247;192;67m@[38;2;148;108;72m$[38;2;134;151;110mM[38;2;125;153;112m@[38;2;15;18;15mp[38;2;0;0;0m [38;2;0;0;0m [38;2;0;0;0m [38;2;0;0;0m [38;2;0;0;0m [0m
[38;2;0;0;0m [38;2;0;0;0m [38;2;0;0;0m [38;2;0;0;0m [38;2;3;3;3mq[38;2;149;124;57mg[38;2;137;161;114m@[38;2;143;173;125mL[38;2;185;146;57mg[38;2;184;150;63mM[38;2;60;71;58mF[38;2;17;20;17m[[38;2;3;3;3m|[38;2;0;0;0m [38;2;0;0;0m [38;2;2;3;2m|[38;2;18;20;18m][38;2;53;62;51m$[38;2;194;162;71m$[38;2;184;147;60mg[38;2;123;130;94mQ[38;2;136;160;114mE[38;2;138;121;62mg[38;2;3;3;3my[38;2;0;0;0m [38;2;0;0;0m [38;2;0;0;0m [38;2;0;0;0m [0m
[38;2;0;0;0m [38;2;0;0;0m [38;2;0;0;0m [38;2;0;0;0m [38;2;55;59;39mq[38;2;207;162;61mR[38;2;124;151;110mg[38;2;165;200;144m%[38;2;116;141;103mQ[38;2;115;140;103m@[38;2;2;3;2mW[38;2;0;0;0m [38;2;0;0;0m [38;2;0;0;0m [38;2;0;0;0m [38;2;0;0;0m [38;2;0;0;0m [38;2;6;6;6mW[38;2;130;159;115m$[38;2;131;160;116mg[38;2;128;156;115m@[38;2;133;152;107m&[38;2;253;195;70m%[38;2;45;48;36my[38;2;0;0;0m [38;2;0;0;0m [38;2;0;0;0m [38;2;0;0;0m [0m
[38;2;0;0;0m [38;2;0;0;0m [38;2;0;0;0m [38;2;9;10;9m_[38;2;118;144;105mg[38;2;138;168;122m@[38;2;183;152;68mW[38;2;140;119;58mW[38;2;156;189;136m@[38;2;55;65;53mE[38;2;0;0;0m [38;2;0;0;0m [38;2;0;0;0m [38;2;0;0;0m [38;2;0;0;0m [38;2;0;0;0m [38;2;0;0;0m [38;2;0;0;0m [38;2;67;81;62mM[38;2;160;194;139m@[38;2;154;146;73mW[38;2;178;166;80mW[38;2;164;198;144m%[38;2;99;120;89mg[38;2;3;4;3my[38;2;0;0;0m [38;2;0;0;0m [38;2;0;0;0m [0m
[38;2;2;2;2mq[38;2;108;130;98m_[38;2;176;213;153m_[38;2;37;42;37mg[38;2;162;197;141m@[38;2;109;133;98m#[38;2;70;83;66mg[38;2;144;170;127mg[38;2;112;115;80mQ[38;2;147;158;94m$[38;2;12;13;12mp[38;2;0;0;0m [38;2;0;0;0m [38;2;0;0;0m [38;2;0;0;0m [38;2;0;0;0m [38;2;0;0;0m [38;2;16;19;17mW[38;2;211;181;76m@[38;2;93;110;83m@[38;2;146;177;128m@[38;2;76;92;71mp[38;2;116;143;105mW[38;2;163;198;141m@[38;2;50;57;50mL[38;2;181;218;159m_[38;2;109;131;99m_[38;2;3;4;3my[0m
[38;2;28;32;28m4[38;2;164;197;142m@[38;2;112;136;101mQ[38;2;70;85;65mg[38;2;102;122;91mQ[38;2;157;191;136m@[38;2;150;172;122m@[38;2;115;122;82mQ[38;2;164;178;107mW[38;2;131;145;90mM[38;2;8;9;8mW[38;2;0;0;0m [38;2;0;0;0m [38;2;0;0;0m [38;2;0;0;0m [38;2;0;0;0m [38;2;0;0;0m [38;2;12;14;12mW[38;2;189;156;67mM[38;2;211;167;64m@[38;2;145;127;70mW[38;2;150;180;131mM[38;2;150;181;132mW[38;2;97;117;88mQ[38;2;64;75;60mg[38;2;114;139;102mQ[38;2;165;199;143m@[38;2;35;40;35mF[0m
[38;2;0;0;0m [38;2;25;28;25m7[38;2;95;113;85m7[38;2;107;128;94m7[38;2;67;80;61m7[38;2;22;25;22m7[38;2;23;27;24m7[38;2;55;66;48m][38;2;35;42;32m][38;2;6;7;6m\[38;2;0;0;0m [38;2;0;0;0m [38;2;0;0;0m [38;2;0;0;0m [38;2;0;0;0m [38;2;0;0;0m [38;2;0;0;0m [38;2;0;0;0m [38;2;7;8;7m/[38;2;35;41;34m7[38;2;58;57;40m7[38;2;21;25;22m7[38;2;22;25;22m7[38;2;71;84;65m7[38;2;107;129;95m7[38;2;94;113;85mF[38;2;37;41;37m^[38;2;0;0;0m\[0m
