[38;2;0;0;0m [38;2;0;0;0m [38;2;0;0;0m [38;2;0;0;0m [38;2;0;0;0m [38;2;0;0;0m [38;2;8;10;9m▁[38;2;81;99;73m▁[38;2;137;158;112m▂[38;2;127;148;105m▃[38;2;130;151;107m▂[38;2;51;65;50m▁[38;2;0;0;0m╱[38;2;0;0;0m [38;2;0;0;0m [38;2;0;0;0m [38;2;0;0;0m [38;2;0;0;0m [38;2;8;9;8m▁[38;2;77;94;69m▁[38;2;164;188;133m▁[38;2;73;89;66m▁[38;2;6;6;6m▏[38;2;0;0;0m [38;2;0;0;0m [38;2;0;0;0m [38;2;0;0;0m [38;2;0;0;0m [0m
[38;2;0;0;0m [38;2;0;0;0m [38;2;0;0;0m [38;2;0;0;0m [38;2;0;0;0m [38;2;29;33;31m⎛[38;2;137;157;113m▗[38;2;134;133;96m▇[38;2;103;96;64m▇[38;2;131;119;70m▇[38;2;98;115;85m▇[38;2;120;139;100m▇[38;2;118;137;98m▅[38;2;115;134;96m▅[38;2;117;136;97m▅[38;2;130;151;107m▄[38;2;118;138;98m▄[38;2;137;158;112m▂[38;2;67;82;60m▟[38;2;117;137;97m▛[38;2;130;91;69m▇[38;2;114;131;93m▇[38;2;131;159;115m▏[38;2;0;0;0m [38;2;0;0;0m [38;2;0;0;0m [38;2;0;0;0m [38;2;0;0;0m [0m
[38;2;0;0;0m [38;2;0;0;0m [38;2;0;0;0m [38;2;0;0;0m [38;2;0;0;0m [38;2;26;30;27m⎝[38;2;140;161;117m▝[38;2;96;104;76m▇[38;2;111;129;98m▅[38;2;119;132;97m▇[38;2;143;129;78m▇[38;2;114;125;89m▇[38;2;164;140;77m▁[38;2;248;200;104m▁[38;2;219;177;93m▂[38;2;197;160;85m▄[38;2;117;105;62m▇[38;2;106;122;87m▀[38;2;136;158;112m▀[38;2;92;108;78m▇[38;2;87;99;72m▇[38;2;111;131;94m▀[38;2;21;28;23m▘[38;2;0;0;0m [38;2;0;0;0m [38;2;0;0;0m [38;2;0;0;0m [38;2;0;0;0m [0m
[38;2;0;0;0m [38;2;0;0;0m [38;2;0;0;0m [38;2;0;0;0m [38;2;0;0;0m [38;2;0;0;0m [38;2;0;0;0m [38;2;225;255;199m⎣[38;2;114;133;101m▇[38;2;116;135;101m▟[38;2;96;99;70m▇[38;2;207;167;89m▜[38;2;167;139;77m▛[38;2;160;133;72m▀[38;2;103;92;55m▀[38;2;21;25;20m▀[38;2;3;4;4m▘[38;2;0;0;0m [38;2;0;0;0m [38;2;0;0;0m [38;2;0;0;0m [38;2;0;0;0m [38;2;0;0;0m [38;2;0;0;0m [38;2;0;0;0m [38;2;0;0;0m [38;2;0;0;0m [38;2;0;0;0m [0m
[38;2;0;0;0m [38;2;0;0;0m [38;2;0;0;0m [38;2;0;0;0m [38;2;0;0;0m [38;2;0;0;0m [38;2;0;0;0m [38;2;46;58;46m▐[38;2;125;144;109m▇[38;2;99;113;84m▇[38;2;103;103;75m▇[38;2;157;132;74m▇[38;2;216;176;96m▘[38;2;3;3;3m▏[38;2;14;18;15m▁[38;2;27;34;30m▁[38;2;14;18;16m▗[38;2;94;111;80m▄[38;2;111;118;86m▅[38;2;120;139;99m▄[38;2;50;63;48m▖[38;2;0;0;0m [38;2;0;0;0m [38;2;0;0;0m [38;2;0;0;0m [38;2;0;0;0m [38;2;0;0;0m [38;2;0;0;0m [0m
[38;2;0;0;0m [38;2;0;0;0m [38;2;0;0;0m [38;2;0;0;0m [38;2;0;0;0m [38;2;0;0;0m [38;2;0;0;0m [38;2;217;251;189m⎩[38;2;123;131;93m▇[38;2;194;158;86m▅[38;2;100;110;80m▇[38;2;121;140;106m▙[38;2;121;141;101m▄[38;2;118;138;99m▄[38;2;98;105;75m▆[38;2;104;97;69m▇[38;2;96;114;82m▅[38;2;100;119;85m▇[38;2;109;108;78m▇[38;2;111;126;90m▇[38;2;101;121;88m▎[38;2;0;0;0m [38;2;0;0;0m [38;2;0;0;0m [38;2;0;0;0m [38;2;0;0;0m [38;2;0;0;0m [38;2;0;0;0m [0m
[38;2;0;0;0m [38;2;0;0;0m [38;2;0;0;0m [38;2;0;0;0m [38;2;0;0;0m [38;2;0;0;0m [38;2;0;0;0m [38;2;255;243;131m⎛[38;2;190;155;83m▇[38;2;104;111;79m▇[38;2;109;127;95m▅[38;2;108;126;95m▉[38;2;122;142;101m▀[38;2;81;96;70m▇[38;2;94;103;74m▇[38;2;105;102;73m▇[38;2;99;117;84m▛[38;2;117;137;98m▀[38;2;83;99;72m▀[38;2;36;46;36m▘[38;2;2;2;2m▏[38;2;0;0;0m [38;2;0;0;0m [38;2;0;0;0m [38;2;0;0;0m [38;2;0;0;0m [38;2;0;0;0m [38;2;0;0;0m [0m
[38;2;0;0;0m [38;2;0;0;0m [38;2;0;0;0m [38;2;0;0;0m [38;2;0;0;0m [38;2;0;0;0m [38;2;0;0;0m [38;2;255;255;142m⎱[38;2;181;150;81m▊[38;2;121;140;106m▟[38;2;99;116;88m▇[38;2;114;132;100m▊[38;2;33;41;35m▏[38;2;0;0;0m [38;2;27;34;30m⎴[38;2;46;62;52m⏟[38;2;3;3;3m⏋[38;2;0;0;0m [38;2;0;0;0m [38;2;0;0;0m [38;2;0;0;0m [38;2;0;0;0m [38;2;0;0;0m [38;2;0;0;0m [38;2;0;0;0m [38;2;0;0;0m [38;2;0;0;0m [38;2;0;0;0m [0m
[38;2;0;0;0m [38;2;0;0;0m [38;2;0;0;0m [38;2;0;0;0m [38;2;0;0;0m [38;2;0;0;0m [38;2;0;0;0m [38;2;59;72;56m▗[38;2;122;141;106m▇[38;2;120;111;68m▇[38;2;147;129;74m▟[38;2;118;136;103m▊[38;2;45;59;49m▏[38;2;0;0;0m [38;2;0;0;0m [38;2;0;0;0m [38;2;0;0;0m [38;2;0;0;0m [38;2;0;0;0m [38;2;0;0;0m [38;2;0;0;0m [38;2;0;0;0m [38;2;0;0;0m [38;2;0;0;0m [38;2;0;0;0m [38;2;0;0;0m [38;2;0;0;0m [38;2;0;0;0m [0m
[38;2;0;0;0m [38;2;0;0;0m [38;2;0;0;0m [38;2;0;0;0m [38;2;0;0;0m [38;2;0;0;0m [38;2;0;0;0m [38;2;69;84;64m▐[38;2;107;123;92m▇[38;2;123;141;106m▆[38;2;178;147;78m▜[38;2;181;147;76m▋[38;2;24;28;25m▏[38;2;0;0;0m [38;2;0;0;0m [38;2;0;0;0m [38;2;0;0;0m [38;2;0;0;0m [38;2;0;0;0m [38;2;0;0;0m [38;2;0;0;0m [38;2;0;0;0m [38;2;0;0;0m [38;2;0;0;0m [38;2;0;0;0m [38;2;0;0;0m [38;2;0;0;0m [38;2;0;0;0m [0m
[38;2;0;0;0m [38;2;0;0;0m [38;2;0;0;0m [38;2;0;0;0m [38;2;0;0;0m [38;2;0;0;0m [38;2;0;0;0m [38;2;40;50;40m▐[38;2;127;146;111m▇[38;2;105;123;90m▇[38;2;122;122;79m▟[38;2;176;143;73m▋[38;2;25;30;27m▏[38;2;3;3;3m▁[38;2;0;0;0m [38;2;0;0;0m [38;2;0;0;0m [38;2;0;0;0m [38;2;0;0;0m [38;2;0;0;0m [38;2;0;0;0m [38;2;0;0;0m [38;2;0;0;0m [38;2;0;0;0m [38;2;0;0;0m [38;2;0;0;0m [38;2;0;0;0m [38;2;0;0;0m [0m
[38;2;0;0;0m [38;2;0;0;0m [38;2;0;0;0m [38;2;0;0;0m [38;2;0;0;0m [38;2;9;11;10m▁[38;2;109;129;93m▁[38;2;60;73;55m▟[38;2;125;144;109m▉[38;2;171;140;73m▄[38;2;123;140;100m▇[38;2;88;105;76m▙[38;2;109;113;81m▆[38;2;117;131;93m▅[38;2;78;94;68m▖[38;2;0;0;0m [38;2;0;0;0m [38;2;0;0;0m [38;2;0;0;0m [38;2;0;0;0m [38;2;0;0;0m [38;2;0;0;0m [38;2;0;0;0m [38;2;0;0;0m [38;2;0;0;0m [38;2;0;0;0m [38;2;0;0;0m [38;2;0;0;0m [0m
[38;2;0;0;0m [38;2;0;0;0m [38;2;0;0;0m [38;2;0;0;0m [38;2;0;0;0m [38;2;30;40;32m▐[38;2;126;146;104m▇[38;2;108;112;74m▇[38;2;145;122;66m▇[38;2;120;119;77m▇[38;2;111;129;94m▇[38;2;89;106;77m▙[38;2;107;98;72m▟[38;2;117;124;89m▇[38;2;83;100;73m▍[38;2;0;0;0m [38;2;0;0;0m [38;2;0;0;0m [38;2;0;0;0m [38;2;0;0;0m [38;2;0;0;0m [38;2;0;0;0m [38;2;0;0;0m [38;2;0;0;0m [38;2;0;0;0m [38;2;0;0;0m [38;2;0;0;0m [38;2;0;0;0m [0m
[38;2;0;0;0m [38;2;0;0;0m [38;2;0;0;0m [38;2;0;0;0m [38;2;0;0;0m [38;2;17;20;19m⎝[38;2;83;99;72m▝[38;2;129;149;106m▀[38;2;137;159;111m▀[38;2;100;119;85m▀[38;2;29;38;30m▀[38;2;65;79;59m▀[38;2;61;75;56m▀[38;2;17;22;19m▀[38;2;1;1;1m▏[38;2;0;0;0m [38;2;0;0;0m [38;2;0;0;0m [38;2;0;0;0m [38;2;0;0;0m [38;2;0;0;0m [38;2;0;0;0m [38;2;0;0;0m [38;2;0;0;0m [38;2;0;0;0m [38;2;0;0;0m [38;2;0;0;0m [38;2;0;0;0m [0m
