[38;2;0;0;0m [38;2;0;0;0m [38;2;0;0;0m [38;2;0;0;0m [38;2;18;24;19m▂[38;2;130;148;113m▂[38;2;132;150;114m▃[38;2;108;125;95m▂[38;2;9;12;10m▖[38;2;0;0;0m [38;2;0;0;0m [38;2;0;0;0m [38;2;0;0;0m [38;2;0;0;0m [38;2;0;0;0m [38;2;0;0;0m [38;2;0;0;0m [38;2;0;0;0m [38;2;0;0;0m [38;2;6;8;7m▗[38;2;103;119;91m▂[38;2;142;161;123m▃[38;2;147;166;127m▂[38;2;46;58;45m▁[38;2;0;0;0m [38;2;0;0;0m [38;2;0;0;0m [38;2;0;0;0m [0m
[38;2;0;0;0m [38;2;0;0;0m [38;2;0;0;0m [38;2;14;18;15m▗[38;2;130;147;112m▟[38;2;129;147;112m▛[38;2;130;147;112m▅[38;2;131;149;113m▇[38;2;83;86;55m▙[38;2;215;173;82m▂[38;2;93;87;50m▁[38;2;0;0;0m╱[38;2;0;0;0m [38;2;0;0;0m [38;2;0;0;0m [38;2;0;0;0m [38;2;0;0;0m [38;2;66;64;39m▁[38;2;210;169;81m▂[38;2;120;105;55m▃[38;2;136;155;117m▇[38;2;103;119;91m▇[38;2;97;112;86m▇[38;2;145;164;124m▙[38;2;20;28;22m▍[38;2;0;0;0m [38;2;0;0;0m [38;2;0;0;0m [0m
[38;2;0;0;0m [38;2;0;0;0m [38;2;0;0;0m [38;2;40;55;44m⎝[38;2;100;117;89m▜[38;2;141;160;122m▇[38;2;107;124;94m▇[38;2;251;255;184m▓[38;2;110;117;81m▇[38;2;81;80;48m▇[38;2;199;160;75m▉[38;2;17;22;20m▍[38;2;0;0;0m [38;2;0;0;0m [38;2;0;0;0m [38;2;0;0;0m [38;2;49;59;53m⎰[38;2;183;149;72m▟[38;2;237;192;92m▎[38;2;127;137;97m▇[38;2;98;97;59m▜[38;2;112;128;96m▙[38;2;136;154;117m▇[38;2;111;129;98m▛[38;2;16;22;18m▘[38;2;0;0;0m [38;2;0;0;0m [38;2;0;0;0m [0m
[38;2;0;0;0m [38;2;0;0;0m [38;2;0;0;0m [38;2;0;0;0m [38;2;175;151;76m▕[38;2;153;131;67m▉[38;2;111;128;98m▇[38;2;126;143;109m▇[38;2;138;157;119m▇[38;2;137;145;102m▟[38;2;138;125;72m▋[38;2;15;17;15m▎[38;2;0;0;0m [38;2;0;0;0m [38;2;0;0;0m [38;2;0;0;0m [38;2;13;14;13m⎾[38;2;194;158;76m▝[38;2;141;119;60m▋[38;2;146;165;125m▇[38;2;102;118;90m▇[38;2;108;125;95m▇[38;2;136;120;65m▇[38;2;34;44;32m▌[38;2;0;0;0m [38;2;0;0;0m [38;2;0;0;0m [38;2;0;0;0m [0m
[38;2;0;0;0m [38;2;0;0;0m [38;2;0;0;0m [38;2;0;0;0m [38;2;183;156;77m▕[38;2;201;162;77m▙[38;2;143;162;123m▜[38;2;117;133;101m▙[38;2;107;101;60m▇[38;2;107;123;93m▇[38;2;144;162;124m▇[38;2;131;149;114m▙[38;2;79;93;72m▖[38;2;6;7;6m▏[38;2;0;0;0m [38;2;0;0;0m [38;2;0;0;0m [38;2;0;0;0m [38;2;28;40;30m▐[38;2;132;150;114m▇[38;2;92;106;79m▙[38;2;134;144;103m▇[38;2;189;153;73m▟[38;2;31;41;30m▌[38;2;0;0;0m [38;2;0;0;0m [38;2;0;0;0m [38;2;0;0;0m [0m
[38;2;0;0;0m [38;2;0;0;0m [38;2;0;0;0m [38;2;0;0;0m [38;2;25;33;25m▐[38;2;204;165;78m▚[38;2;173;142;69m▆[38;2;123;141;108m▜[38;2;133;151;115m▇[38;2;75;91;68m▋[38;2;65;78;60m▝[38;2;127;144;110m▜[38;2;146;165;126m▇[38;2;121;139;106m▄[38;2;21;29;23m▖[38;2;0;0;0m [38;2;0;0;0m [38;2;0;0;0m [38;2;50;55;35m▐[38;2;186;151;72m▅[38;2;116;129;95m▇[38;2;140;159;121m▙[38;2;137;123;69m▉[38;2;24;34;27m▎[38;2;0;0;0m [38;2;0;0;0m [38;2;0;0;0m [38;2;0;0;0m [0m
[38;2;0;0;0m [38;2;0;0;0m [38;2;0;0;0m [38;2;0;0;0m [38;2;45;60;51m⎣[38;2;164;135;66m▇[38;2;197;159;76m▋[38;2;120;138;103m▚[38;2;148;167;127m▇[38;2;116;134;102m▍[38;2;9;8;9m▏[38;2;20;24;22m⎝[38;2;133;151;115m▝[38;2;131;149;114m▇[38;2;149;168;128m▙[38;2;93;109;84m▖[38;2;7;8;7m▏[38;2;0;0;0m [38;2;255;255;133m⎱[38;2;210;168;80m▇[38;2;99;102;66m▟[38;2;125;142;108m▜[38;2;145;163;124m▉[38;2;21;30;24m▍[38;2;0;0;0m [38;2;0;0;0m [38;2;0;0;0m [38;2;0;0;0m [0m
[38;2;0;0;0m [38;2;0;0;0m [38;2;0;0;0m [38;2;0;0;0m [38;2;25;31;28m⎛[38;2;89;97;68m▟[38;2;166;140;72m▇[38;2;169;141;73m▇[38;2;248;255;193m▓[38;2;131;150;113m▋[38;2;18;18;18m▏[38;2;0;0;0m [38;2;0;0;0m [38;2;39;50;39m▝[38;2;124;141;108m▜[38;2;146;164;125m▇[38;2;116;133;101m▄[38;2;18;24;19m▖[38;2;103;123;93m▕[38;2;115;117;77m▇[38;2;140;123;66m▇[38;2;147;167;127m▟[38;2;118;133;100m▊[38;2;42;58;45m▏[38;2;0;0;0m [38;2;0;0;0m [38;2;0;0;0m [38;2;0;0;0m [0m
[38;2;0;0;0m [38;2;0;0;0m [38;2;0;0;0m [38;2;0;0;0m [38;2;48;71;56m⎜[38;2;131;148;113m▇[38;2;146;165;126m▌[38;2;122;122;83m▇[38;2;255;243;172m▓[38;2;139;158;120m▋[38;2;20;20;20m▏[38;2;0;0;0m [38;2;15;20;17m▗[38;2;107;124;94m▄[38;2;98;108;82m▅[38;2;106;122;93m▟[38;2;136;153;117m▇[38;2;145;163;124m▙[38;2;55;69;53m▟[38;2;140;159;120m▉[38;2;115;132;100m▇[38;2;103;120;91m▉[38;2;174;143;69m▇[38;2;146;140;79m▏[38;2;0;0;0m [38;2;0;0;0m [38;2;0;0;0m [38;2;0;0;0m [0m
[38;2;0;0;0m [38;2;0;0;0m [38;2;0;0;0m [38;2;0;0;0m [38;2;32;41;36m⎛[38;2;110;107;66m▟[38;2;133;151;114m▇[38;2;143;163;124m▞[38;2;121;139;105m▇[38;2;114;132;100m▙[38;2;25;33;26m▖[38;2;0;0;0m [38;2;18;25;21m▐[38;2;103;120;91m▇[38;2;124;90;65m▇[38;2;56;66;50m▇[38;2;130;149;113m▙[38;2;124;141;107m▜[38;2;144;163;124m▇[38;2;103;119;91m▉[38;2;86;102;77m▐[38;2;133;151;114m▇[38;2;177;144;69m▟[38;2;207;179;91m▏[38;2;0;0;0m [38;2;0;0;0m [38;2;0;0;0m [38;2;0;0;0m [0m
[38;2;0;0;0m [38;2;0;0;0m [38;2;0;0;0m [38;2;0;0;0m [38;2;56;78;65m⎜[38;2;159;132;65m▇[38;2;89;97;68m▙[38;2;120;138;105m▇[38;2;107;114;78m▇[38;2;115;129;96m▇[38;2;153;174;132m▍[38;2;0;0;0m [38;2;0;0;0m [38;2;8;10;9m▝[38;2;48;64;54m⎴[38;2;21;28;23m▐[38;2;126;144;109m▇[38;2;93;108;82m▃[38;2;119;137;104m▟[38;2;113;127;95m▇[38;2;136;154;117m▇[38;2;255;255;226m▓[38;2;156;134;70m▇[38;2;184;164;87m▏[38;2;0;0;0m [38;2;0;0;0m [38;2;0;0;0m [38;2;0;0;0m [0m
[38;2;0;0;0m [38;2;0;0;0m [38;2;0;0;0m [38;2;38;49;42m⎛[38;2;98;114;87m▅[38;2;110;127;97m▇[38;2;129;113;83m▜[38;2;117;67;45m▇[38;2;75;82;56m▇[38;2;188;152;73m▜[38;2;193;157;75m▖[38;2;0;0;0m [38;2;0;0;0m [38;2;0;0;0m [38;2;0;0;0m [38;2;30;37;32m⎝[38;2;56;69;53m▜[38;2;146;165;126m▇[38;2;64;68;43m▉[38;2;199;162;78m▉[38;2;116;64;44m▟[38;2;137;111;81m▛[38;2;132;150;114m▜[38;2;112;129;98m▙[38;2;14;19;15m▖[38;2;0;0;0m [38;2;0;0;0m [38;2;0;0;0m [0m
[38;2;0;0;0m [38;2;0;0;0m [38;2;0;0;0m [38;2;40;51;43m⎝[38;2;111;128;97m▀[38;2;101;116;88m▇[38;2;127;108;80m▇[38;2;130;75;51m▇[38;2;104;120;91m▇[38;2;100;101;65m▇[38;2;185;152;74m▘[38;2;0;0;0m [38;2;0;0;0m [38;2;0;0;0m [38;2;0;0;0m [38;2;0;0;0m [38;2;26;36;29m▝[38;2;140;159;121m▀[38;2;98;114;87m▇[38;2;104;120;91m▆[38;2;125;81;57m▇[38;2;115;98;72m▇[38;2;101;116;89m▇[38;2;97;112;86m▛[38;2;15;21;17m▘[38;2;0;0;0m [38;2;0;0;0m [38;2;0;0;0m [0m
[38;2;0;0;0m [38;2;0;0;0m [38;2;0;0;0m [38;2;0;0;0m [38;2;0;0;0m [38;2;7;8;7m⎾[38;2;89;105;80m▝[38;2;114;131;100m▀[38;2;22;30;24m▘[38;2;0;0;0m [38;2;0;0;0m [38;2;0;0;0m [38;2;0;0;0m [38;2;0;0;0m [38;2;0;0;0m [38;2;0;0;0m [38;2;0;0;0m [38;2;0;0;0m [38;2;0;0;0m [38;2;14;19;16m▝[38;2;103;119;91m▀[38;2;107;126;96m▘[38;2;7;9;8m▏[38;2;0;0;0m [38;2;0;0;0m [38;2;0;0;0m [38;2;0;0;0m [38;2;0;0;0m [0m
