[38;2;0;0;0m [38;2;0;0;0m [38;2;0;0;0m [38;2;0;0;0m [38;2;11;14;12m▂[38;2;103;122;91m▂[38;2;121;142;105m▃[38;2;136;160;117m▂[38;2;71;86;67m▁[38;2;34;42;35m▂[38;2;158;185;138m▁[38;2;141;165;123m▂[38;2;128;150;112m▃[38;2;134;156;117m▃[38;2;126;148;111m▃[38;2;135;158;117m▂[38;2;115;135;102m▁[38;2;43;52;46m⏞[38;2;0;0;0m [38;2;0;0;0m [38;2;0;0;0m [38;2;0;0;0m [38;2;0;0;0m [38;2;0;0;0m [38;2;0;0;0m [38;2;0;0;0m [38;2;0;0;0m [38;2;0;0;0m [0m
[38;2;0;0;0m [38;2;0;0;0m [38;2;0;0;0m [38;2;34;38;36m⎛[38;2;96;114;84m▟[38;2;97;94;71m▇[38;2;255;191;149m▓[38;2;101;119;89m▜[38;2;120;141;105m▇[38;2;114;135;101m▇[38;2;113;118;80m▇[38;2;87;92;65m▇[38;2;87;104;79m▀[38;2;77;92;70m▜[38;2;90;107;81m▇[38;2;108;127;95m▇[38;2;114;133;99m▇[38;2;125;146;108m▆[38;2;88;103;79m▄[38;2;12;14;12m▖[38;2;0;0;0m [38;2;0;0;0m [38;2;0;0;0m [38;2;0;0;0m [38;2;0;0;0m [38;2;0;0;0m [38;2;0;0;0m [38;2;0;0;0m [0m
[38;2;0;0;0m [38;2;0;0;0m [38;2;0;0;0m [38;2;2;2;2m⎾[38;2;110;129;95m▝[38;2;92;108;80m▜[38;2;75;89;67m▇[38;2;128;150;110m▇[38;2;108;110;71m▋[38;2;131;154;114m▇[38;2;81;81;53m▛[38;2;146;132;78m▜[38;2;159;136;74m▇[38;2;124;116;71m▇[38;2;85;102;77m▀[38;2;81;96;73m▀[38;2;119;140;104m▜[38;2;106;126;94m▇[38;2;128;150;112m▇[38;2;99;118;89m▌[38;2;2;2;2m▏[38;2;0;0;0m [38;2;0;0;0m [38;2;0;0;0m [38;2;0;0;0m [38;2;0;0;0m [38;2;0;0;0m [38;2;0;0;0m [0m
[38;2;0;0;0m [38;2;0;0;0m [38;2;0;0;0m [38;2;0;0;0m [38;2;0;0;0m [38;2;0;0;0m [38;2;125;147;109m▐[38;2;131;154;113m▊[38;2;174;139;66m▊[38;2;124;146;108m▇[38;2;193;234;179m▓[38;2;121;143;106m▇[38;2;98;117;88m▘[38;2;173;141;73m▇[38;2;255;255;137m▏[38;2;29;35;30m▐[38;2;103;97;72m▆[38;2;119;141;104m▛[38;2;121;143;106m▇[38;2;135;160;118m▌[38;2;16;16;16m▏[38;2;0;0;0m [38;2;0;0;0m [38;2;0;0;0m [38;2;0;0;0m [38;2;0;0;0m [38;2;0;0;0m [38;2;0;0;0m [0m
[38;2;0;0;0m [38;2;0;0;0m [38;2;0;0;0m [38;2;0;0;0m [38;2;0;0;0m [38;2;0;0;0m [38;2;91;100;70m▐[38;2;127;150;111m▇[38;2;86;90;61m▊[38;2;123;145;107m▇[38;2;116;136;102m▜[38;2;133;157;116m▋[38;2;139;116;62m▃[38;2;168;138;72m▇[38;2;126;116;72m▏[38;2;16;20;18m▁[38;2;73;88;68m▂[38;2;119;141;104m▟[38;2;116;138;102m▇[38;2;71;86;66m▘[38;2;0;0;0m [38;2;0;0;0m [38;2;0;0;0m [38;2;0;0;0m [38;2;0;0;0m [38;2;0;0;0m [38;2;0;0;0m [38;2;0;0;0m [0m
[38;2;0;0;0m [38;2;0;0;0m [38;2;0;0;0m [38;2;0;0;0m [38;2;0;0;0m [38;2;0;0;0m [38;2;187;155;80m▐[38;2;136;127;78m▛[38;2;114;135;100m▉[38;2;126;148;110m▇[38;2;73;73;48m▇[38;2;121;137;99m▇[38;2;109;118;82m▇[38;2;92;110;82m▄[38;2;122;144;106m▅[38;2;116;137;101m▆[38;2;98;116;87m▇[38;2;115;136;100m▀[38;2;36;44;37m▘[38;2;0;0;0m [38;2;0;0;0m [38;2;0;0;0m [38;2;0;0;0m [38;2;0;0;0m [38;2;0;0;0m [38;2;0;0;0m [38;2;0;0;0m [38;2;0;0;0m [0m
[38;2;0;0;0m [38;2;0;0;0m [38;2;0;0;0m [38;2;0;0;0m [38;2;0;0;0m [38;2;0;0;0m [38;2;189;155;80m▐[38;2;216;175;89m▍[38;2;98;116;87m▙[38;2;125;147;109m▇[38;2;147;123;66m▇[38;2;196;160;84m▍[38;2;113;134;100m▀[38;2;118;138;103m▇[38;2;102;120;90m▄[38;2;16;20;17m▌[38;2;2;2;2m⏋[38;2;0;0;0m [38;2;0;0;0m [38;2;0;0;0m [38;2;0;0;0m [38;2;0;0;0m [38;2;0;0;0m [38;2;0;0;0m [38;2;0;0;0m [38;2;0;0;0m [38;2;0;0;0m [38;2;0;0;0m [0m
[38;2;0;0;0m [38;2;0;0;0m [38;2;0;0;0m [38;2;0;0;0m [38;2;0;0;0m [38;2;0;0;0m [38;2;188;153;77m▐[38;2;134;125;77m▙[38;2;110;129;96m▇[38;2;227;210;159m▓[38;2;109;124;89m▇[38;2;148;124;67m▇[38;2;147;121;63m▅[38;2;102;121;89m▇[38;2;106;125;93m▇[38;2;129;151;112m▙[38;2;53;64;51m▖[38;2;0;0;0m [38;2;0;0;0m [38;2;0;0;0m [38;2;0;0;0m [38;2;0;0;0m [38;2;0;0;0m [38;2;0;0;0m [38;2;0;0;0m [38;2;0;0;0m [38;2;0;0;0m [38;2;0;0;0m [0m
[38;2;0;0;0m [38;2;0;0;0m [38;2;0;0;0m [38;2;0;0;0m [38;2;0;0;0m [38;2;0;0;0m [38;2;187;153;77m▐[38;2;130;122;75m▛[38;2;125;148;108m▙[38;2;83;82;62m▇[38;2;107;127;94m▇[38;2;59;73;57m▘[38;2;81;78;49m▜[38;2;132;154;113m▇[38;2;82;78;48m▙[38;2;114;135;100m▜[38;2;130;153;113m▙[38;2;33;40;34m▖[38;2;0;0;0m [38;2;0;0;0m [38;2;0;0;0m [38;2;0;0;0m [38;2;0;0;0m [38;2;0;0;0m [38;2;0;0;0m [38;2;0;0;0m [38;2;0;0;0m [38;2;0;0;0m [0m
[38;2;0;0;0m [38;2;0;0;0m [38;2;0;0;0m [38;2;0;0;0m [38;2;0;0;0m [38;2;0;0;0m [38;2;178;147;76m▐[38;2;217;177;91m▍[38;2;116;137;101m▆[38;2;105;125;92m▇[38;2;105;125;94m▍[38;2;0;0;0m [38;2;115;136;100m▐[38;2;126;148;108m▊[38;2;133;110;57m▜[38;2;183;145;69m▙[38;2;118;136;99m▇[38;2;105;125;93m▋[38;2;16;19;17m▏[38;2;0;0;0m [38;2;0;0;0m [38;2;0;0;0m [38;2;0;0;0m [38;2;0;0;0m [38;2;0;0;0m [38;2;0;0;0m [38;2;0;0;0m [38;2;0;0;0m [0m
[38;2;0;0;0m [38;2;0;0;0m [38;2;0;0;0m [38;2;0;0;0m [38;2;13;16;14m▁[38;2;101;120;90m▁[38;2;63;68;48m▟[38;2;121;141;102m▇[38;2;113;113;72m▉[38;2;99;117;87m▇[38;2;141;166;121m▍[38;2;0;0;0m [38;2;121;143;104m▐[38;2;134;157;113m▋[38;2;147;72;53m▂[38;2;201;157;72m▐[38;2;161;140;76m▛[38;2;128;151;111m▇[38;2;77;92;70m▖[38;2;0;0;0m [38;2;17;21;19m▁[38;2;82;98;75m▁[38;2;43;53;43m▂[38;2;12;13;12m▁[38;2;0;0;0m [38;2;0;0;0m [38;2;0;0;0m [38;2;0;0;0m [0m
[38;2;0;0;0m [38;2;0;0;0m [38;2;0;0;0m [38;2;45;57;49m⎛[38;2;103;123;90m▟[38;2;104;102;76m▇[38;2;116;87;66m▋[38;2;126;148;108m▇[38;2;106;105;67m▛[38;2;114;134;99m▇[38;2;123;146;107m▍[38;2;0;0;0m [38;2;56;68;53m▝[38;2;116;135;97m▇[38;2;108;106;66m▆[38;2;132;102;44m▇[38;2;122;100;50m▘[38;2;113;133;98m▜[38;2;134;157;115m▙[38;2;57;69;54m▖[38;2;88;105;77m▟[38;2;103;117;83m▇[38;2;110;123;88m▇[38;2;95;113;83m▙[38;2;27;33;29m▏[38;2;0;0;0m [38;2;0;0;0m [38;2;0;0;0m [0m
[38;2;0;0;0m [38;2;0;0;0m [38;2;0;0;0m [38;2;53;65;57m⎩[38;2;125;147;108m▜[38;2;244;255;194m▓[38;2;125;108;59m▇[38;2;96;97;64m▟[38;2;111;131;96m▇[38;2;111;131;96m▇[38;2;111;130;95m▂[38;2;21;26;22m▂[38;2;0;0;0m [38;2;46;56;44m▝[38;2;129;150;108m▀[38;2;102;120;88m▇[38;2;126;147;107m▄[38;2;129;152;110m▃[38;2;110;130;95m▇[38;2;115;134;98m▇[38;2;106;117;83m▇[38;2;110;101;59m▇[38;2;108;116;79m▇[38;2;109;129;94m▊[38;2;32;40;35m▏[38;2;0;0;0m [38;2;0;0;0m [38;2;0;0;0m [0m
[38;2;0;0;0m [38;2;0;0;0m [38;2;0;0;0m [38;2;0;0;0m [38;2;27;33;28m▝[38;2;101;119;89m▀[38;2;138;161;117m▀[38;2;132;156;112m▀[38;2;72;87;66m▀[38;2;72;87;66m▀[38;2;87;104;77m▀[38;2;23;28;25m▘[38;2;0;0;0m [38;2;0;0;0m [38;2;0;0;0m [38;2;12;15;13m▝[38;2;30;36;30m▀[38;2;57;69;53m▀[38;2;50;61;48m▀[38;2;64;78;60m▝[38;2;111;131;97m▀[38;2;121;143;105m▀[38;2;74;89;67m▀[38;2;17;21;18m▘[38;2;0;0;0m [38;2;0;0;0m [38;2;0;0;0m [38;2;0;0;0m [0m
