[38;2;0;0;0m [38;2;0;0;0m [38;2;0;0;0m [38;2;0;0;0m [38;2;0;0;0m [38;2;0;0;0m [38;2;0;0;0m [38;2;0;0;0m [38;2;0;0;0m [38;2;0;0;0m [38;2;2;2;2m⎳[38;2;36;39;38m▁[38;2;122;135;104m▁[38;2;133;147;112m▂[38;2;125;138;105m▃[38;2;137;151;114m▃[38;2;135;150;113m▃[38;2;119;132;100m▃[38;2;117;130;99m▂[38;2;69;75;63m▁[38;2;11;11;11m▁[38;2;0;0;0m [38;2;0;0;0m [38;2;0;0;0m [38;2;0;0;0m [38;2;0;0;0m [38;2;0;0;0m [38;2;0;0;0m [0m
[38;2;0;0;0m [38;2;0;0;0m [38;2;0;0;0m [38;2;0;0;0m [38;2;0;0;0m [38;2;0;0;0m [38;2;0;0;0m [38;2;0;0;0m [38;2;21;22;22m▂[38;2;100;110;85m▃[38;2;127;140;106m▅[38;2;128;142;107m▇[38;2;131;139;102m▇[38;2;122;125;90m▇[38;2;107;113;85m▛[38;2;105;116;90m▀[38;2;100;111;86m▀[38;2;115;127;97m▀[38;2;109;120;92m▜[38;2;106;117;90m▇[38;2;125;138;105m▙[38;2;92;101;80m▖[38;2;6;6;6m▏[38;2;0;0;0m [38;2;0;0;0m [38;2;0;0;0m [38;2;0;0;0m [38;2;0;0;0m [0m
[38;2;0;0;0m [38;2;0;0;0m [38;2;0;0;0m [38;2;0;0;0m [38;2;0;0;0m [38;2;0;0;0m [38;2;10;11;11m▁[38;2;103;114;88m▗[38;2;136;151;113m▟[38;2;115;127;97m▇[38;2;118;130;99m▀[38;2;135;122;78m▀[38;2;145;130;78m▜[38;2;154;138;79m▇[38;2;135;121;76m▇[38;2;163;145;90m▇[38;2;170;152;95m▆[38;2;128;132;97m▇[38;2;131;145;110m▜[38;2;99;97;76m▇[38;2;125;97;77m▇[38;2;108;117;90m▇[38;2;104;115;89m▅[38;2;116;129;98m▄[38;2;19;20;20m▖[38;2;0;0;0m [38;2;0;0;0m [38;2;0;0;0m [0m
[38;2;0;0;0m [38;2;0;0;0m [38;2;0;0;0m [38;2;0;0;0m [38;2;0;0;0m [38;2;7;8;8m▕[38;2;126;139;105m▗[38;2;136;150;113m▇[38;2;112;114;82m▇[38;2;197;168;95m▃[38;2;195;167;96m▃[38;2;107;100;62m▟[38;2;131;132;84m▇[38;2;119;129;96m▇[38;2;120;133;102m▛[38;2;115;128;98m▀[38;2;67;65;49m▀[38;2;196;169;101m▀[38;2;99;97;69m▇[38;2;118;131;100m▙[38;2;105;99;78m▇[38;2;110;122;93m▇[38;2;103;114;87m▟[38;2;93;103;80m▛[38;2;18;19;19m▘[38;2;0;0;0m [38;2;0;0;0m [38;2;0;0;0m [0m
[38;2;0;0;0m [38;2;0;0;0m [38;2;0;0;0m [38;2;0;0;0m [38;2;0;0;0m╲[38;2;74;69;50m▗[38;2;124;137;104m▇[38;2;139;153;115m▊[38;2;136;118;70m▀[38;2;89;80;54m▀[38;2;105;106;75m▇[38;2;128;141;106m▇[38;2;137;135;93m▇[38;2;43;47;41m▌[38;2;4;4;4m▏[38;2;0;0;0m [38;2;0;0;0m [38;2;0;0;0m [38;2;9;10;10m⏉[38;2;15;16;16m▀[38;2;38;41;36m▀[38;2;30;32;29m▀[38;2;49;51;50m⏟[38;2;0;0;0m [38;2;0;0;0m [38;2;0;0;0m [38;2;0;0;0m [38;2;0;0;0m [0m
[38;2;0;0;0m [38;2;0;0;0m [38;2;0;0;0m [38;2;0;0;0m [38;2;22;24;24m▐[38;2;178;153;90m▇[38;2;130;143;109m▜[38;2;130;144;109m▇[38;2;75;83;66m▃[38;2;127;141;107m▟[38;2;137;152;114m▛[38;2;54;57;47m▜[38;2;201;171;95m▇[38;2;186;166;107m▏[38;2;0;0;0m [38;2;0;0;0m [38;2;0;0;0m [38;2;0;0;0m [38;2;0;0;0m [38;2;0;0;0m [38;2;0;0;0m [38;2;0;0;0m [38;2;0;0;0m [38;2;0;0;0m [38;2;0;0;0m [38;2;0;0;0m [38;2;0;0;0m [38;2;0;0;0m [0m
[38;2;0;0;0m [38;2;0;0;0m [38;2;0;0;0m [38;2;21;22;22m▗[38;2;103;114;88m▄[38;2;113;108;80m▇[38;2;104;115;88m▙[38;2;118;131;100m▜[38;2;131;145;111m▇[38;2;114;126;97m▇[38;2;127;124;86m▁[38;2;181;156;91m▟[38;2;147;128;77m▛[38;2;19;20;19m▘[38;2;0;0;0m [38;2;0;0;0m [38;2;0;0;0m [38;2;0;0;0m [38;2;0;0;0m [38;2;0;0;0m [38;2;0;0;0m [38;2;0;0;0m [38;2;0;0;0m [38;2;0;0;0m [38;2;0;0;0m [38;2;0;0;0m [38;2;0;0;0m [38;2;0;0;0m [0m
[38;2;0;0;0m [38;2;0;0;0m [38;2;0;0;0m [38;2;168;185;143m⎝[38;2;91;101;79m▇[38;2;125;98;77m▇[38;2;104;109;84m▇[38;2;136;150;115m▀[38;2;245;255;204m▓[38;2;121;132;97m▇[38;2;131;145;109m▇[38;2;125;132;97m▙[38;2;46;50;43m▖[38;2;0;0;0m [38;2;0;0;0m [38;2;0;0;0m [38;2;0;0;0m [38;2;0;0;0m [38;2;0;0;0m [38;2;0;0;0m [38;2;0;0;0m [38;2;0;0;0m [38;2;0;0;0m [38;2;0;0;0m [38;2;0;0;0m [38;2;0;0;0m [38;2;0;0;0m [38;2;0;0;0m [0m
[38;2;0;0;0m [38;2;0;0;0m [38;2;0;0;0m [38;2;0;0;0m [38;2;54;56;55m⏋[38;2;179;154;89m▐[38;2;164;144;86m▌[38;2;87;97;77m▟[38;2;136;151;113m▇[38;2;135;149;113m▘[38;2;113;125;96m▝[38;2;129;142;107m▇[38;2;124;137;104m▉[38;2;24;25;25m▍[38;2;0;0;0m [38;2;0;0;0m [38;2;0;0;0m [38;2;0;0;0m [38;2;0;0;0m [38;2;0;0;0m [38;2;0;0;0m [38;2;0;0;0m [38;2;0;0;0m [38;2;0;0;0m [38;2;0;0;0m [38;2;0;0;0m [38;2;0;0;0m [38;2;0;0;0m [0m
[38;2;0;0;0m [38;2;0;0;0m [38;2;0;0;0m [38;2;0;0;0m [38;2;0;0;0m [38;2;101;91;59m▝[38;2;154;133;79m▇[38;2;127;141;107m▇[38;2;140;155;116m▊[38;2;189;161;91m▅[38;2;182;156;89m▅[38;2;150;140;90m▇[38;2;127;130;92m▉[38;2;29;31;30m▍[38;2;0;0;0m [38;2;0;0;0m [38;2;0;0;0m [38;2;0;0;0m [38;2;0;0;0m [38;2;26;28;28m▁[38;2;128;142;109m▁[38;2;111;124;95m▂[38;2;130;144;110m▁[38;2;47;49;48m⏞[38;2;0;0;0m [38;2;0;0;0m [38;2;0;0;0m [38;2;0;0;0m [0m
[38;2;0;0;0m [38;2;0;0;0m [38;2;0;0;0m [38;2;0;0;0m [38;2;0;0;0m [38;2;0;0;0m [38;2;21;23;22m▐[38;2;132;145;110m▜[38;2;132;147;111m▇[38;2;87;96;77m▖[38;2;112;124;96m▐[38;2;125;133;99m▇[38;2;151;129;75m▜[38;2;182;153;84m▙[38;2;157;133;74m▃[38;2;50;50;43m▁[38;2;129;116;76m▁[38;2;169;147;88m▃[38;2;108;103;70m▄[38;2;107;118;91m▇[38;2;97;96;75m▇[38;2;103;115;88m▇[38;2;212;235;186m▓[38;2;132;147;110m▙[38;2;109;120;97m▏[38;2;0;0;0m [38;2;0;0;0m [38;2;0;0;0m [0m
[38;2;0;0;0m [38;2;0;0;0m [38;2;0;0;0m [38;2;0;0;0m [38;2;0;0;0m [38;2;0;0;0m [38;2;0;0;0m [38;2;58;64;53m▝[38;2;124;137;104m▜[38;2;134;148;112m▇[38;2;114;126;96m▟[38;2;130;143;109m▇[38;2;103;114;88m▄[38;2;140;124;78m▂[38;2;164;141;82m▇[38;2;161;141;85m▇[38;2;159;148;97m▇[38;2;100;99;71m▇[38;2;199;217;173m▓[38;2;97;100;78m▇[38;2;127;90;72m▇[38;2;107;104;81m▇[38;2;101;112;86m▛[38;2;133;147;111m▀[38;2;37;41;37m▘[38;2;0;0;0m [38;2;0;0;0m [38;2;0;0;0m [0m
[38;2;0;0;0m [38;2;0;0;0m [38;2;0;0;0m [38;2;0;0;0m [38;2;0;0;0m [38;2;0;0;0m [38;2;0;0;0m [38;2;0;0;0m [38;2;14;15;14m▝[38;2;60;66;54m▀[38;2;139;153;116m▀[38;2;109;120;93m▇[38;2;125;138;105m▇[38;2;127;139;105m▇[38;2;125;133;98m▙[38;2;141;156;118m▂[38;2;168;184;151m▓[38;2;85;94;74m▇[38;2;103;114;88m▇[38;2;119;132;100m▇[38;2;119;132;100m▇[38;2;105;117;90m▀[38;2;19;21;20m▘[38;2;0;0;0m [38;2;0;0;0m [38;2;0;0;0m [38;2;0;0;0m [38;2;0;0;0m [0m
[38;2;0;0;0m [38;2;0;0;0m [38;2;0;0;0m [38;2;0;0;0m [38;2;0;0;0m [38;2;0;0;0m [38;2;0;0;0m [38;2;0;0;0m [38;2;0;0;0m [38;2;0;0;0m [38;2;0;0;0m [38;2;11;12;12m▝[38;2;25;27;25m▀[38;2;53;58;49m▀[38;2;98;108;85m▀[38;2;134;148;113m▀[38;2;143;158;119m▀[38;2;139;154;115m▀[38;2;115;127;97m▀[38;2;63;69;56m▀[38;2;52;56;54m⏟[38;2;0;0;0m [38;2;0;0;0m [38;2;0;0;0m [38;2;0;0;0m [38;2;0;0;0m [38;2;0;0;0m [38;2;0;0;0m [0m
