[38;2;0;0;0m [38;2;0;0;0m [38;2;0;0;0m [38;2;0;0;0m [38;2;9;10;9m▁[38;2;89;106;77m▁[38;2;141;164;114m▂[38;2;138;160;112m▂[38;2;69;83;62m▁[38;2;3;3;3m▏[38;2;0;0;0m [38;2;20;22;20m▁[38;2;34;42;36m▁[38;2;26;32;27m▂[38;2;29;35;30m▂[38;2;34;42;36m▁[38;2;19;21;19m▁[38;2;0;0;0m [38;2;0;0;0m [38;2;0;0;0m [38;2;0;0;0m [38;2;0;0;0m [38;2;0;0;0m [38;2;0;0;0m [38;2;0;0;0m [38;2;0;0;0m [38;2;0;0;0m [38;2;0;0;0m [0m
[38;2;0;0;0m [38;2;0;0;0m [38;2;0;0;0m [38;2;0;0;0m [38;2;38;47;37m▐[38;2;127;148;104m▇[38;2;112;83;58m▜[38;2;107;93;66m▛[38;2;102;120;85m▇[38;2;130;152;108m▃[38;2;126;148;104m▅[38;2;126;148;105m▆[38;2;110;129;92m▇[38;2;103;121;87m▇[38;2;101;118;85m▇[38;2;105;123;88m▇[38;2;121;141;100m▆[38;2;130;151;106m▄[38;2;98;115;82m▂[38;2;13;14;13m▖[38;2;0;0;0m [38;2;0;0;0m [38;2;0;0;0m [38;2;0;0;0m [38;2;0;0;0m [38;2;0;0;0m [38;2;0;0;0m [38;2;0;0;0m [0m
[38;2;0;0;0m [38;2;0;0;0m [38;2;0;0;0m [38;2;0;0;0m [38;2;27;33;28m▝[38;2;118;137;97m▀[38;2;105;124;88m▇[38;2;98;115;82m▇[38;2;115;135;96m▇[38;2;99;117;84m▛[38;2;97;93;56m▜[38;2;154;129;66m▆[38;2;190;156;75m▅[38;2;160;134;67m▖[38;2;133;156;112m▁[38;2;114;134;96m▃[38;2;138;161;114m▃[38;2;114;134;95m▟[38;2;118;137;98m▇[38;2;113;132;94m▙[38;2;25;30;25m▖[38;2;0;0;0m [38;2;0;0;0m [38;2;0;0;0m [38;2;0;0;0m [38;2;0;0;0m [38;2;0;0;0m [38;2;0;0;0m [0m
[38;2;0;0;0m [38;2;0;0;0m [38;2;0;0;0m [38;2;0;0;0m [38;2;0;0;0m [38;2;49;57;52m⎝[38;2;102;120;85m▜[38;2;130;152;107m▙[38;2;121;141;100m▇[38;2;133;156;111m▍[38;2;0;0;0m [38;2;61;72;56m▁[38;2;101;116;82m▟[38;2;118;138;98m▇[38;2;120;128;80m▇[38;2;110;113;64m▛[38;2;51;61;47m▀[38;2;104;59;42m▟[38;2;202;171;124m▓[38;2;135;158;111m▇[38;2;121;112;64m▆[38;2;193;166;89m▏[38;2;0;0;0m [38;2;0;0;0m [38;2;0;0;0m [38;2;0;0;0m [38;2;0;0;0m [38;2;0;0;0m [0m
[38;2;0;0;0m [38;2;0;0;0m [38;2;0;0;0m [38;2;0;0;0m [38;2;0;0;0m [38;2;0;0;0m [38;2;81;96;69m▐[38;2;112;132;94m▇[38;2;128;149;106m▇[38;2;80;95;69m▙[38;2;121;142;101m▗[38;2;123;145;103m▇[38;2;105;124;89m▛[38;2;48;58;46m▘[38;2;155;132;40m▝[38;2;207;169;42m▇[38;2;255;217;68m▏[38;2;61;52;40m▜[38;2;129;151;108m▟[38;2;116;131;89m▇[38;2;187;151;70m▇[38;2;154;128;63m▍[38;2;0;0;0m [38;2;0;0;0m [38;2;0;0;0m [38;2;0;0;0m [38;2;0;0;0m [38;2;0;0;0m [0m
[38;2;0;0;0m [38;2;0;0;0m [38;2;0;0;0m [38;2;0;0;0m [38;2;0;0;0m [38;2;0;0;0m [38;2;88;103;74m▐[38;2;132;127;75m▇[38;2;123;109;60m▇[38;2;116;136;98m▇[38;2;119;139;99m▇[38;2;90;107;78m▌[38;2;22;24;22m▁[38;2;27;33;28m▂[38;2;70;69;43m▃[38;2;207;167;59m▇[38;2;114;120;74m▙[38;2;117;137;98m▇[38;2;118;138;98m▀[38;2;174;143;69m▀[38;2;127;109;56m▘[38;2;9;11;10m▘[38;2;0;0;0m [38;2;0;0;0m [38;2;0;0;0m [38;2;0;0;0m [38;2;0;0;0m [38;2;0;0;0m [0m
[38;2;0;0;0m [38;2;0;0;0m [38;2;0;0;0m [38;2;0;0;0m [38;2;0;0;0m [38;2;24;29;26m▗[38;2;185;151;55m▟[38;2;140;127;70m▇[38;2;122;143;101m▇[38;2;83;99;72m▛[38;2;94;110;80m▀[38;2;102;120;86m▇[38;2;107;127;91m▆[38;2;114;109;77m▇[38;2;107;120;83m▇[38;2;108;108;66m▉[38;2;95;112;81m▇[38;2;134;157;111m▅[38;2;124;145;103m▄[38;2;96;113;81m▂[38;2;20;24;21m▁[38;2;0;0;0m [38;2;0;0;0m [38;2;0;0;0m [38;2;0;0;0m [38;2;0;0;0m [38;2;0;0;0m [38;2;0;0;0m [0m
[38;2;0;0;0m [38;2;0;0;0m [38;2;0;0;0m [38;2;0;0;0m [38;2;0;0;0m [38;2;53;65;56m⎩[38;2;185;150;52m▜[38;2;146;129;68m▇[38;2;121;141;99m▇[38;2;84;100;73m▙[38;2;97;115;83m▄[38;2;102;121;87m▇[38;2;97;115;83m▇[38;2;118;107;75m▇[38;2;105;118;84m▇[38;2;111;111;69m▉[38;2;15;19;16m▛[38;2;47;56;44m▝[38;2;113;133;95m▀[38;2;117;137;98m▇[38;2;127;149;105m▙[38;2;62;74;56m▖[38;2;10;12;10m▁[38;2;0;0;0m [38;2;0;0;0m [38;2;0;0;0m [38;2;0;0;0m [38;2;0;0;0m [0m
[38;2;0;0;0m [38;2;0;0;0m [38;2;0;0;0m [38;2;0;0;0m [38;2;0;0;0m [38;2;0;0;0m [38;2;93;110;79m▐[38;2;129;127;77m▇[38;2;126;114;63m▇[38;2;119;140;100m▇[38;2;113;134;95m▇[38;2;81;97;71m▌[38;2;8;9;8m▞[38;2;26;32;27m▀[38;2;87;80;47m▝[38;2;178;145;68m▇[38;2;171;141;70m▋[38;2;31;36;32m▏[38;2;69;82;61m▗[38;2;123;145;102m▄[38;2;112;132;94m▇[38;2;120;141;100m▉[38;2;118;104;56m▙[38;2;21;25;22m▖[38;2;0;0;0m [38;2;0;0;0m [38;2;0;0;0m [38;2;0;0;0m [0m
[38;2;0;0;0m [38;2;0;0;0m [38;2;0;0;0m [38;2;0;0;0m [38;2;0;0;0m [38;2;0;0;0m [38;2;87;103;74m▐[38;2;106;125;90m▇[38;2;126;148;105m▇[38;2;83;99;72m▛[38;2;100;117;85m▀[38;2;122;142;101m▇[38;2;110;129;93m▙[38;2;62;74;56m▂[38;2;21;26;22m▗[38;2;187;153;74m▟[38;2;194;159;76m▋[38;2;61;73;64m⎡[38;2;84;92;64m▇[38;2;140;83;50m▆[38;2;120;141;100m▟[38;2;123;145;103m▉[38;2;193;156;72m▇[38;2;190;165;89m▏[38;2;0;0;0m [38;2;0;0;0m [38;2;0;0;0m [38;2;0;0;0m [0m
[38;2;0;0;0m [38;2;0;0;0m [38;2;0;0;0m [38;2;0;0;0m [38;2;0;0;0m [38;2;33;37;34m⎛[38;2;116;137;98m▐[38;2;135;158;112m▛[38;2;119;140;100m▇[38;2;129;152;110m▍[38;2;0;0;0m [38;2;34;41;34m▝[38;2;116;136;98m▀[38;2;131;134;85m▇[38;2;195;158;75m▟[38;2;149;133;73m▇[38;2;115;136;97m▂[38;2;111;131;93m▁[38;2;103;123;98m▓[38;2;101;119;86m▇[38;2;123;144;101m▇[38;2;158;135;69m▇[38;2;164;135;65m▛[38;2;26;33;28m▘[38;2;0;0;0m [38;2;0;0;0m [38;2;0;0;0m [38;2;0;0;0m [0m
[38;2;0;0;0m [38;2;0;0;0m [38;2;0;0;0m [38;2;0;0;0m [38;2;14;17;15m▗[38;2;96;113;81m▃[38;2;108;126;90m▇[38;2;124;145;103m▅[38;2;115;134;96m▇[38;2;81;95;68m▙[38;2;148;125;62m▅[38;2;181;148;71m▆[38;2;164;140;73m▇[38;2;185;151;71m▀[38;2;50;51;35m▀[38;2;88;104;76m▀[38;2;133;155;110m▀[38;2;101;119;85m▇[38;2;117;137;98m▇[38;2;125;147;104m▛[38;2;113;104;58m▀[38;2;100;89;49m▘[38;2;8;9;8m▘[38;2;0;0;0m [38;2;0;0;0m [38;2;0;0;0m [38;2;0;0;0m [38;2;0;0;0m [0m
[38;2;0;0;0m [38;2;0;0;0m [38;2;0;0;0m [38;2;0;0;0m [38;2;35;43;35m▐[38;2;129;151;106m▇[38;2;240;166;116m▓[38;2;89;77;55m▆[38;2;100;118;84m▇[38;2;107;125;90m▜[38;2;114;133;94m▇[38;2;113;123;87m▟[38;2;255;202;143m▓[38;2;114;133;96m▇[38;2;84;100;73m▙[38;2;125;146;103m▅[38;2;105;123;88m▇[38;2;107;125;89m▛[38;2;69;82;61m▀[38;2;14;16;14m▘[38;2;0;0;0m [38;2;0;0;0m [38;2;0;0;0m [38;2;0;0;0m [38;2;0;0;0m [38;2;0;0;0m [38;2;0;0;0m [38;2;0;0;0m [0m
[38;2;0;0;0m [38;2;0;0;0m [38;2;0;0;0m [38;2;0;0;0m [38;2;34;39;35m⎝[38;2;64;76;57m▀[38;2;129;150;104m▀[38;2;119;139;98m▀[38;2;63;76;57m▘[38;2;3;4;4m▏[38;2;19;23;20m▀[38;2;82;96;71m▀[38;2;124;146;103m▀[38;2;107;126;90m▀[38;2;38;46;37m▀[38;2;21;25;21m▀[38;2;36;39;36m⏟[38;2;0;0;0m [38;2;0;0;0m [38;2;0;0;0m [38;2;0;0;0m [38;2;0;0;0m [38;2;0;0;0m [38;2;0;0;0m [38;2;0;0;0m [38;2;0;0;0m [38;2;0;0;0m [38;2;0;0;0m [0m
