[38;2;0;0;0m [38;2;0;0;0m [38;2;5;6;6m▁[38;2;110;129;98m▁[38;2;133;152;115m▃[38;2;140;160;121m▃[38;2;117;134;103m▂[38;2;23;28;24m▁[38;2;0;0;0m [38;2;0;0;0m [38;2;0;0;0m [38;2;0;0;0m [38;2;0;0;0m [38;2;0;0;0m [38;2;0;0;0m [38;2;0;0;0m [38;2;0;0;0m [38;2;0;0;0m [38;2;0;0;0m [38;2;0;0;0m [38;2;24;30;25m▁[38;2;118;136;102m▂[38;2;134;155;114m▃[38;2;128;147;109m▃[38;2;71;84;63m▂[38;2;7;8;7m▁[38;2;0;0;0m [38;2;0;0;0m [0m
[38;2;0;0;0m [38;2;0;0;0m [38;2;176;206;158m⎿[38;2;121;134;101m▇[38;2;126;67;47m▇[38;2;80;87;66m▇[38;2;112;129;98m▇[38;2;126;144;110m▇[38;2;117;121;82m▄[38;2;168;139;66m▅[38;2;206;168;78m▄[38;2;148;124;61m▃[38;2;9;10;9m▖[38;2;0;0;0m [38;2;0;0;0m [38;2;10;13;11m▗[38;2;165;139;67m▃[38;2;183;152;72m▅[38;2;170;141;68m▅[38;2;113;123;87m▄[38;2;122;141;105m▇[38;2;106;123;92m▇[38;2;212;234;174m▓[38;2;126;66;45m▇[38;2;114;128;94m▇[38;2;132;156;118m▏[38;2;0;0;0m [38;2;0;0;0m [0m
[38;2;0;0;0m [38;2;0;0;0m [38;2;13;16;14m▝[38;2;98;113;87m▀[38;2;150;172;130m▀[38;2;82;97;74m▜[38;2;122;134;95m▇[38;2;172;149;76m▛[38;2;148;169;129m▜[38;2;110;127;98m▙[38;2;37;40;28m▟[38;2;213;173;78m▇[38;2;35;41;32m▌[38;2;0;0;0m [38;2;0;0;0m [38;2;236;208;110m⎾[38;2;208;170;78m▇[38;2;98;103;71m▁[38;2;130;150;113m▟[38;2;135;156;117m▛[38;2;161;144;73m▜[38;2;114;128;92m▇[38;2;78;93;70m▛[38;2;145;166;123m▀[38;2;95;111;83m▀[38;2;14;17;15m▘[38;2;0;0;0m [38;2;0;0;0m [0m
[38;2;0;0;0m [38;2;0;0;0m [38;2;0;0;0m [38;2;0;0;0m [38;2;0;0;0m [38;2;23;29;25m▝[38;2;116;134;102m▜[38;2;135;152;113m▙[38;2;132;152;115m▃[38;2;117;126;95m▇[38;2;138;151;110m▇[38;2;128;121;72m▌[38;2;10;11;10m▏[38;2;0;0;0m [38;2;0;0;0m [38;2;14;17;15m▕[38;2;111;109;68m▜[38;2;131;150;113m▇[38;2;80;95;72m▇[38;2;130;151;114m▃[38;2;114;130;94m▇[38;2;108;126;94m▛[38;2;20;26;22m▘[38;2;0;0;0m [38;2;0;0;0m [38;2;0;0;0m [38;2;0;0;0m [38;2;0;0;0m [0m
[38;2;0;0;0m [38;2;0;0;0m [38;2;0;0;0m [38;2;0;0;0m [38;2;0;0;0m [38;2;0;0;0m [38;2;3;3;3m⏉[38;2;97;118;95m⏉[38;2;135;125;73m▇[38;2;155;156;101m▛[38;2;79;93;71m▇[38;2;129;148;112m▇[38;2;109;127;96m▄[38;2;13;16;14m▖[38;2;40;49;39m▁[38;2;109;127;96m▟[38;2;124;143;108m▇[38;2;92;107;82m▇[38;2;158;160;103m▜[38;2;162;147;82m▊[38;2;62;76;62m▏[38;2;1;1;1m▏[38;2;0;0;0m [38;2;0;0;0m [38;2;0;0;0m [38;2;0;0;0m [38;2;0;0;0m [38;2;0;0;0m [0m
[38;2;0;0;0m [38;2;0;0;0m [38;2;0;0;0m [38;2;0;0;0m [38;2;0;0;0m [38;2;0;0;0m [38;2;0;0;0m [38;2;0;0;0m [38;2;166;139;67m▝[38;2;178;146;68m▇[38;2;175;144;67m▃[38;2;30;36;28m▞[38;2;120;139;104m▜[38;2;107;125;93m▙[38;2;126;146;109m▇[38;2;103;120;91m▛[38;2;23;26;21m▚[38;2;178;147;68m▃[38;2;177;146;68m▇[38;2;160;135;66m▘[38;2;0;0;0m [38;2;0;0;0m [38;2;0;0;0m [38;2;0;0;0m [38;2;0;0;0m [38;2;0;0;0m [38;2;0;0;0m [38;2;0;0;0m [0m
[38;2;0;0;0m [38;2;0;0;0m [38;2;0;0;0m [38;2;0;0;0m [38;2;0;0;0m [38;2;0;0;0m [38;2;0;0;0m [38;2;0;0;0m [38;2;0;0;0m [38;2;24;28;21m▝[38;2;174;142;65m▀[38;2;131;116;62m▇[38;2;130;151;112m▟[38;2;135;155;115m▛[38;2;86;101;76m▇[38;2;122;141;105m▙[38;2;137;121;63m▇[38;2;170;140;65m▀[38;2;25;30;24m▘[38;2;0;0;0m [38;2;0;0;0m [38;2;0;0;0m [38;2;0;0;0m [38;2;0;0;0m [38;2;0;0;0m [38;2;0;0;0m [38;2;0;0;0m [38;2;0;0;0m [0m
[38;2;0;0;0m [38;2;0;0;0m [38;2;0;0;0m [38;2;0;0;0m [38;2;0;0;0m [38;2;0;0;0m [38;2;0;0;0m [38;2;0;0;0m [38;2;0;0;0m [38;2;20;25;21m▗[38;2;104;122;91m▟[38;2;118;137;101m▇[38;2;105;108;69m▜[38;2;119;119;71m▙[38;2;135;156;114m▟[38;2;93;108;81m▛[38;2;120;138;102m▇[38;2;103;120;89m▙[38;2;22;27;22m▖[38;2;0;0;0m [38;2;0;0;0m [38;2;0;0;0m [38;2;0;0;0m [38;2;0;0;0m [38;2;0;0;0m [38;2;0;0;0m [38;2;0;0;0m [38;2;0;0;0m [0m
[38;2;0;0;0m [38;2;0;0;0m [38;2;0;0;0m [38;2;0;0;0m [38;2;0;0;0m [38;2;0;0;0m [38;2;0;0;0m [38;2;0;0;0m [38;2;40;45;42m⎛[38;2;109;127;94m▟[38;2;135;156;114m▛[38;2;146;170;125m▁[38;2;118;136;101m▅[38;2;136;157;115m▛[38;2;90;106;79m▇[38;2;111;129;95m▙[38;2;144;166;123m▁[38;2;135;155;114m▜[38;2;123;142;105m▋[38;2;17;20;18m▏[38;2;0;0;0m [38;2;0;0;0m [38;2;0;0;0m [38;2;0;0;0m [38;2;0;0;0m [38;2;0;0;0m [38;2;0;0;0m [38;2;0;0;0m [0m
[38;2;0;0;0m [38;2;0;0;0m [38;2;0;0;0m [38;2;0;0;0m [38;2;0;0;0m [38;2;0;0;0m [38;2;0;0;0m [38;2;74;88;66m▗[38;2;126;146;108m▅[38;2;99;116;86m▇[38;2;123;143;105m▇[38;2;105;116;81m▇[38;2;80;95;71m▀[38;2;12;14;12m▘[38;2;15;18;16m▝[38;2;87;102;77m▀[38;2;107;118;82m▇[38;2;122;141;104m▇[38;2;99;115;85m▇[38;2;126;145;107m▅[38;2;74;88;67m▖[38;2;0;0;0m╱[38;2;0;0;0m [38;2;0;0;0m [38;2;0;0;0m [38;2;0;0;0m [38;2;0;0;0m [38;2;0;0;0m [0m
[38;2;0;0;0m [38;2;0;0;0m [38;2;13;16;14m▂[38;2;130;151;113m▂[38;2;127;147;110m▃[38;2;63;75;58m▂[38;2;17;21;19m▐[38;2;125;144;107m▇[38;2;104;123;92m▍[38;2;137;113;52m▃[38;2;120;126;84m▇[38;2;132;153;113m▋[38;2;27;32;28m▏[38;2;6;7;7m▁[38;2;5;5;5m▁[38;2;49;58;53m⎛[38;2;117;136;101m▟[38;2;119;123;80m▇[38;2;169;138;61m▖[38;2;93;109;82m▐[38;2;132;153;112m▉[38;2;31;39;34m▎[38;2;66;78;59m▂[38;2;122;142;104m▃[38;2;123;143;104m▂[38;2;14;17;15m▖[38;2;0;0;0m [38;2;0;0;0m [0m
[38;2;0;0;0m [38;2;27;28;27m⎛[38;2;141;162;122m▐[38;2;134;155;116m▛[38;2;99;99;72m▇[38;2;106;113;84m▋[38;2;44;52;47m⎱[38;2;104;109;73m▇[38;2;190;152;65m▟[38;2;166;135;58m▛[38;2;98;114;85m▟[38;2;118;138;102m▊[38;2;46;56;44m▗[38;2;104;120;88m▟[38;2;103;120;88m▙[38;2;41;49;39m▖[38;2;122;142;105m▜[38;2;232;255;197m▓[38;2;173;141;62m▜[38;2;194;157;70m▙[38;2;114;121;81m▉[38;2;50;63;53m▏[38;2;101;108;79m▜[38;2;100;107;72m▇[38;2;111;126;90m▇[38;2;133;154;114m▌[38;2;1;1;1m▏[38;2;0;0;0m [0m
[38;2;0;0;0m [38;2;0;0;0m [38;2;125;144;108m▝[38;2;114;131;98m▇[38;2;143;131;82m▙[38;2;209;172;76m▃[38;2;164;133;58m▆[38;2;173;139;60m▛[38;2;82;84;55m▜[38;2;106;123;92m▇[38;2;110;128;95m▇[38;2;117;135;100m▅[38;2;128;143;100m▟[38;2;126;94;61m▇[38;2;124;99;65m▇[38;2;122;137;98m▙[38;2;118;136;101m▅[38;2;110;128;95m▇[38;2;105;122;91m▇[38;2;86;87;56m▛[38;2;178;145;66m▜[38;2;175;144;64m▙[38;2;207;174;81m▃[38;2;127;124;77m▇[38;2;110;128;94m▇[38;2;114;134;99m▘[38;2;0;0;0m [38;2;0;0;0m [0m
[38;2;0;0;0m [38;2;0;0;0m [38;2;0;0;0m [38;2;10;12;11m▝[38;2;22;26;21m▀[38;2;25;29;22m▀[38;2;46;56;50m⏟[38;2;0;0;0m [38;2;0;0;0m [38;2;11;12;11m⏉[38;2;33;35;33m⎴[38;2;31;34;32m⏟[38;2;26;30;24m▝[38;2;143;129;66m▀[38;2;136;121;61m▀[38;2;23;28;23m▘[38;2;26;32;28m⏉[38;2;38;42;39m⏟[38;2;8;9;8m⏋[38;2;0;0;0m [38;2;0;0;0m⏉[38;2;37;45;40m⎴[38;2;26;29;21m▀[38;2;22;26;21m▀[38;2;32;37;33m⏟[38;2;0;0;0m [38;2;0;0;0m [38;2;0;0;0m [0m
