[38;2;0;0;0m [38;2;0;0;0m [38;2;0;0;0m [38;2;14;21;16m▂[38;2;118;139;101m▂[38;2;120;141;103m▃[38;2;123;145;105m▂[38;2;29;41;30m▁[38;2;0;0;0m [38;2;0;0;0m [38;2;0;0;0m [38;2;0;0;0m [38;2;0;0;0m [38;2;0;0;0m [38;2;0;0;0m [38;2;0;0;0m [38;2;0;0;0m [38;2;0;0;0m [38;2;0;0;0m [38;2;0;0;0m [38;2;0;0;0m [38;2;0;0;0m [38;2;0;0;0m [38;2;0;0;0m [38;2;0;0;0m [38;2;0;0;0m [38;2;0;0;0m [38;2;0;0;0m [0m
[38;2;0;0;0m [38;2;0;0;0m [38;2;41;49;44m⎧[38;2;130;151;111m▐[38;2;86;80;57m▇[38;2;106;60;42m▇[38;2;93;97;70m▇[38;2;131;153;111m▙[38;2;108;127;93m▅[38;2;128;149;110m▄[38;2;124;145;107m▃[38;2;84;101;74m▄[38;2;112;132;97m▅[38;2;105;124;90m▅[38;2;108;127;93m▅[38;2;129;150;110m▄[38;2;119;139;101m▃[38;2;58;74;54m▁[38;2;2;2;2m▏[38;2;0;0;0m [38;2;0;0;0m [38;2;0;0;0m [38;2;0;0;0m [38;2;0;0;0m [38;2;0;0;0m [38;2;0;0;0m [38;2;0;0;0m [38;2;0;0;0m [0m
[38;2;0;0;0m [38;2;0;0;0m [38;2;5;5;5m⎾[38;2;86;104;76m▝[38;2;120;140;103m▀[38;2;110;130;94m▆[38;2;197;241;175m▓[38;2;119;135;97m▉[38;2;175;139;61m▅[38;2;132;108;50m▇[38;2;83;95;67m▀[38;2;116;136;100m▜[38;2;91;106;76m▙[38;2;231;184;82m▁[38;2;183;146;66m▃[38;2;193;153;68m▄[38;2;124;123;75m▛[38;2;115;134;99m▇[38;2;112;111;67m▅[38;2;181;144;63m▄[38;2;109;93;44m▂[38;2;9;12;10m▁[38;2;0;0;0m [38;2;0;0;0m [38;2;0;0;0m [38;2;0;0;0m [38;2;0;0;0m [38;2;0;0;0m [0m
[38;2;0;0;0m [38;2;0;0;0m [38;2;0;0;0m [38;2;0;0;0m [38;2;42;49;45m▕[38;2;139;160;117m▐[38;2;164;190;139m▎[38;2;177;142;63m▇[38;2;125;130;85m▙[38;2;182;145;64m▀[38;2;217;170;73m▀[38;2;216;169;72m▀[38;2;216;170;74m▀[38;2;185;148;66m▀[38;2;96;102;67m▇[38;2;116;136;100m▅[38;2;122;142;105m▃[38;2;68;84;62m▟[38;2;108;127;94m▇[38;2;120;101;47m▝[38;2;193;152;66m▜[38;2;151;122;55m▙[38;2;15;22;17m▖[38;2;0;0;0m [38;2;0;0;0m [38;2;0;0;0m [38;2;0;0;0m [38;2;0;0;0m [0m
[38;2;0;0;0m [38;2;0;0;0m [38;2;0;0;0m [38;2;0;0;0m [38;2;32;40;34m▕[38;2;138;159;117m▐[38;2;119;112;64m▇[38;2;207;163;70m▋[38;2;124;144;106m▇[38;2;122;150;110m▏[38;2;0;0;0m [38;2;0;0;0m [38;2;0;0;0m [38;2;0;0;0m [38;2;5;7;6m▝[38;2;18;26;20m▀[38;2;76;92;68m▀[38;2;129;150;111m▀[38;2;110;129;95m▇[38;2;108;127;94m▆[38;2;114;134;99m▃[38;2;203;159;69m▜[38;2;189;150;66m▍[38;2;2;2;2m▏[38;2;0;0;0m [38;2;0;0;0m [38;2;0;0;0m [38;2;0;0;0m [0m
[38;2;0;0;0m [38;2;0;0;0m [38;2;0;0;0m [38;2;0;0;0m [38;2;34;40;37m⎝[38;2;129;150;110m▐[38;2;118;127;86m▛[38;2;155;127;59m▊[38;2;122;142;105m▇[38;2;17;27;20m▋[38;2;0;0;0m [38;2;0;0;0m [38;2;0;0;0m [38;2;0;0;0m [38;2;0;0;0m [38;2;0;0;0m [38;2;0;0;0m [38;2;15;22;17m▐[38;2;118;138;102m▇[38;2;111;131;97m▖[38;2;88;105;77m▜[38;2;115;135;100m▙[38;2;110;114;73m▙[38;2;14;21;16m▖[38;2;0;0;0m [38;2;0;0;0m [38;2;0;0;0m [38;2;0;0;0m [0m
[38;2;0;0;0m [38;2;0;0;0m [38;2;0;0;0m [38;2;0;0;0m [38;2;0;0;0m [38;2;92;121;89m⏉[38;2;93;111;81m▇[38;2;108;127;94m▇[38;2;127;112;58m▇[38;2;164;143;69m▏[38;2;0;0;0m [38;2;0;0;0m [38;2;0;0;0m [38;2;0;0;0m [38;2;0;0;0m [38;2;0;0;0m [38;2;0;0;0m [38;2;6;7;6m▁[38;2;71;88;64m▐[38;2;121;142;104m▇[38;2;102;107;78m▇[38;2;112;61;43m▇[38;2;93;87;64m▇[38;2;111;130;97m▙[38;2;86;104;76m▖[38;2;8;9;8m▏[38;2;0;0;0m [38;2;0;0;0m [0m
[38;2;0;0;0m [38;2;0;0;0m [38;2;0;0;0m [38;2;0;0;0m [38;2;0;0;0m [38;2;111;131;96m▗[38;2;135;157;116m▛[38;2;99;112;78m▇[38;2;110;114;74m▇[38;2;132;122;61m▏[38;2;0;0;0m [38;2;0;0;0m [38;2;0;0;0m [38;2;0;0;0m [38;2;0;0;0m [38;2;0;0;0m [38;2;0;0;0m [38;2;26;39;31m⎝[38;2;96;114;84m▀[38;2;128;148;109m▙[38;2;120;99;71m▇[38;2;139;65;44m▇[38;2;130;91;65m▜[38;2;117;137;101m▟[38;2;144;167;123m▘[38;2;10;13;11m▘[38;2;0;0;0m [38;2;0;0;0m [0m
[38;2;0;0;0m [38;2;0;0;0m [38;2;0;0;0m [38;2;0;0;0m [38;2;30;35;32m▕[38;2;138;160;117m▐[38;2;116;113;67m▇[38;2;204;160;70m▋[38;2;129;149;111m▇[38;2;74;100;73m▏[38;2;0;0;0m [38;2;0;0;0m [38;2;0;0;0m [38;2;0;0;0m [38;2;0;0;0m [38;2;0;0;0m [38;2;0;0;0m [38;2;14;22;17m▗[38;2;121;141;104m▟[38;2;97;116;86m▛[38;2;91;109;80m▐[38;2;92;109;81m▇[38;2;117;132;93m▛[38;2;54;70;53m▏[38;2;0;0;0m [38;2;0;0;0m [38;2;0;0;0m [38;2;0;0;0m [0m
[38;2;0;0;0m [38;2;0;0;0m [38;2;0;0;0m [38;2;0;0;0m [38;2;35;43;38m▕[38;2;138;160;116m▐[38;2;107;105;62m▇[38;2;193;153;67m▊[38;2;124;144;107m▇[38;2;123;151;111m▏[38;2;0;0;0m [38;2;0;0;0m [38;2;0;0;0m [38;2;0;0;0m [38;2;0;0;0m [38;2;17;25;20m▁[38;2;48;65;47m▁[38;2;159;184;136m▁[38;2;110;130;96m▇[38;2;119;139;102m▅[38;2;111;131;97m▛[38;2;154;129;62m▇[38;2;182;146;65m▍[38;2;1;1;1m▏[38;2;0;0;0m [38;2;0;0;0m [38;2;0;0;0m [38;2;0;0;0m [0m
[38;2;0;0;0m [38;2;0;0;0m [38;2;0;0;0m [38;2;0;0;0m [38;2;38;46;41m▕[38;2;140;161;119m▐[38;2;84;102;75m▙[38;2;158;132;64m▇[38;2;136;123;67m▇[38;2;91;108;79m▂[38;2;124;144;106m▃[38;2;134;156;115m▃[38;2;118;139;102m▃[38;2;154;179;133m▁[38;2;95;113;84m▅[38;2;89;106;79m▇[38;2;140;161;120m▀[38;2;104;123;91m▜[38;2;110;130;96m▉[38;2;25;31;21m▙[38;2;164;132;59m▟[38;2;176;140;62m▛[38;2;17;27;20m▘[38;2;0;0;0m [38;2;0;0;0m [38;2;0;0;0m [38;2;0;0;0m [38;2;0;0;0m [0m
[38;2;0;0;0m [38;2;0;0;0m [38;2;7;9;8m▕[38;2;80;98;71m▗[38;2;113;134;97m▄[38;2;102;121;89m▇[38;2;197;241;176m▓[38;2;129;150;110m▉[38;2;169;135;60m▀[38;2;154;125;57m▇[38;2;179;186;115m▓[38;2;117;137;101m▃[38;2;99;117;86m▇[38;2;121;142;105m▀[38;2;106;126;93m▜[38;2;94;112;82m▆[38;2;91;110;81m▄[38;2;114;134;99m▇[38;2;108;103;60m▇[38;2;165;133;59m▛[38;2;195;155;68m▘[38;2;12;17;14m▘[38;2;0;0;0m [38;2;0;0;0m [38;2;0;0;0m [38;2;0;0;0m [38;2;0;0;0m [38;2;0;0;0m [0m
[38;2;0;0;0m [38;2;0;0;0m [38;2;47;68;54m⎣[38;2;101;120;88m▇[38;2;232;199;143m▓[38;2;110;59;41m▇[38;2;255;255;194m▓[38;2;111;131;96m▇[38;2;90;107;79m▆[38;2;89;106;78m▆[38;2;138;160;118m▀[38;2;74;90;66m▜[38;2;117;136;101m⏹[38;2;125;146;108m⏹[38;2;127;147;109m⏹[38;2;87;103;77m▇[38;2;124;145;107m▀[38;2;48;64;47m▘[38;2;32;48;39m⏟[38;2;3;3;3m⏋[38;2;0;0;0m [38;2;0;0;0m [38;2;0;0;0m [38;2;0;0;0m [38;2;0;0;0m [38;2;0;0;0m [38;2;0;0;0m [38;2;0;0;0m [0m
[38;2;0;0;0m [38;2;0;0;0m [38;2;0;0;0m [38;2;35;48;35m▝[38;2;112;132;97m▀[38;2;138;159;117m▀[38;2;96;115;83m▀[38;2;23;33;25m▘[38;2;0;0;0m [38;2;0;0;0m [38;2;0;0;0m [38;2;0;0;0m [38;2;0;0;0m [38;2;7;7;7m⏉[38;2;5;5;5m⏋[38;2;0;0;0m [38;2;0;0;0m [38;2;0;0;0m [38;2;0;0;0m [38;2;0;0;0m [38;2;0;0;0m [38;2;0;0;0m [38;2;0;0;0m [38;2;0;0;0m [38;2;0;0;0m [38;2;0;0;0m [38;2;0;0;0m [38;2;0;0;0m [0m
