[38;2;0;0;0m [38;2;3;3;3m▁[38;2;35;41;35m▃[38;2;128;146;102m▂[38;2;138;157;109m▂[38;2;79;91;67m▂[38;2;50;58;52m⏞[38;2;0;0;0m [38;2;0;0;0m [38;2;0;0;0m [38;2;0;0;0m [38;2;0;0;0m [38;2;0;0;0m [38;2;0;0;0m [38;2;0;0;0m [38;2;0;0;0m [38;2;0;0;0m [38;2;0;0;0m [38;2;0;0;0m [38;2;0;0;0m [38;2;0;0;0m [38;2;25;29;26m▁[38;2;113;130;93m▁[38;2;138;158;109m▂[38;2;131;150;104m▂[38;2;49;57;46m▂[38;2;9;9;9m▏[38;2;0;0;0m [0m
[38;2;0;0;0m [38;2;30;36;33m▐[38;2;107;123;86m▇[38;2;93;64;43m▇[38;2;112;82;54m▛[38;2;130;147;104m▜[38;2;126;143;101m▙[38;2;54;60;47m▅[38;2;106;121;86m▅[38;2;116;132;94m▅[38;2;35;42;37m▖[38;2;0;0;0m [38;2;0;0;0m [38;2;0;0;0m [38;2;0;0;0m [38;2;0;0;0m [38;2;0;0;0m [38;2;31;36;33m▗[38;2;107;122;86m▅[38;2;110;126;88m▅[38;2;48;55;44m▅[38;2;124;140;100m▟[38;2;133;152;107m▛[38;2;107;82;55m▜[38;2;255;178;117m▓[38;2;107;123;86m▇[38;2;34;40;35m▋[38;2;0;0;0m [0m
[38;2;0;0;0m [38;2;28;32;29m▝[38;2;101;115;82m▀[38;2;78;90;66m▆[38;2;111;126;88m▆[38;2;181;210;156m▓[38;2;86;99;72m▇[38;2;130;147;105m▇[38;2;107;121;87m▇[38;2;83;96;72m▍[38;2;11;12;11m▏[38;2;0;0;0m [38;2;0;0;0m [38;2;0;0;0m [38;2;0;0;0m [38;2;0;0;0m [38;2;0;0;0m [38;2;10;11;11m⏉[38;2;49;56;45m▜[38;2;107;122;87m▇[38;2;131;148;106m▇[38;2;85;98;72m▇[38;2;167;194;145m▓[38;2;114;130;91m▆[38;2;77;89;65m▆[38;2;105;120;85m▀[38;2;31;36;33m▘[38;2;0;0;0m [0m
[38;2;0;0;0m [38;2;0;0;0m [38;2;0;0;0m [38;2;24;27;25m▐[38;2;103;119;84m▇[38;2;194;223;166m▓[38;2;152;136;82m▙[38;2;145;121;69m▇[38;2;110;124;90m▇[38;2;144;162;115m▙[38;2;90;102;76m▃[38;2;15;17;16m▖[38;2;0;0;0m [38;2;0;0;0m [38;2;0;0;0m [38;2;0;0;0m [38;2;12;14;13m▂[38;2;84;96;72m▃[38;2;142;160;114m▟[38;2;113;128;92m▇[38;2;144;120;68m▇[38;2;159;138;80m▟[38;2;68;78;58m▇[38;2;123;141;98m▉[38;2;35;41;37m▍[38;2;0;0;0m [38;2;0;0;0m [38;2;0;0;0m [0m
[38;2;0;0;0m [38;2;0;0;0m [38;2;0;0;0m [38;2;26;30;27m▐[38;2;102;101;67m▇[38;2;177;142;77m▇[38;2;162;135;76m▛[38;2;200;212;151m▓[38;2;128;146;101m▉[38;2;96;109;80m▀[38;2;129;145;103m▇[38;2;120;135;97m▙[38;2;57;66;52m▖[38;2;6;7;6m▏[38;2;4;4;4m▁[38;2;51;59;47m▗[38;2;116;131;94m▟[38;2;131;147;105m▇[38;2;101;115;84m▀[38;2;114;130;92m▇[38;2;134;152;107m▍[38;2;158;131;74m▜[38;2;180;142;75m▇[38;2;122;118;75m▉[38;2;32;37;34m▌[38;2;0;0;0m [38;2;0;0;0m [38;2;0;0;0m [0m
[38;2;0;0;0m [38;2;0;0;0m [38;2;0;0;0m [38;2;28;34;32m▐[38;2;190;150;79m▇[38;2;222;175;91m▍[38;2;105;119;84m▇[38;2;110;125;88m▇[38;2;101;116;82m▊[38;2;31;36;33m▍[38;2;33;38;32m▀[38;2;115;130;94m▜[38;2;131;149;105m▇[38;2;135;153;109m▖[38;2;100;113;83m▄[38;2;133;150;107m▇[38;2;120;136;98m▛[38;2;52;61;49m▘[38;2;68;77;71m⎣[38;2;96;110;79m▜[38;2;109;124;88m▇[38;2;104;119;85m▇[38;2;127;109;65m▜[38;2;196;153;79m▇[38;2;35;40;36m▌[38;2;0;0;0m [38;2;0;0;0m [38;2;0;0;0m [0m
[38;2;0;0;0m [38;2;0;0;0m [38;2;0;0;0m [38;2;34;39;36m▐[38;2;135;112;66m▇[38;2;142;116;65m▇[38;2;136;124;73m▇[38;2;68;76;55m▇[38;2;126;144;99m▇[38;2;35;40;35m▋[38;2;0;0;0m [38;2;16;18;17m▐[38;2;75;86;64m▇[38;2;127;143;103m▇[38;2;126;142;102m▇[38;2;89;102;75m▊[38;2;22;25;23m▍[38;2;0;0;0m [38;2;31;36;33m▐[38;2;125;142;100m▇[38;2;70;78;57m▇[38;2;139;125;73m▇[38;2;162;131;73m▟[38;2;125;112;69m▇[38;2;29;34;31m▋[38;2;0;0;0m [38;2;0;0;0m [38;2;0;0;0m [0m
[38;2;0;0;0m [38;2;0;0;0m [38;2;0;0;0m [38;2;32;38;34m▐[38;2;143;117;66m▇[38;2;205;160;84m▛[38;2;103;94;59m▇[38;2;114;127;89m▆[38;2;123;141;98m▛[38;2;30;35;32m▍[38;2;40;46;39m▗[38;2;126;142;102m▟[38;2;135;152;109m▇[38;2;128;124;81m▚[38;2;120;117;76m▞[38;2;125;143;99m▇[38;2;115;131;92m▙[38;2;40;47;40m▖[38;2;30;35;32m▝[38;2;120;137;97m▜[38;2;127;144;102m▙[38;2;109;99;62m▇[38;2;190;150;80m▜[38;2;160;131;73m▉[38;2;31;37;34m▌[38;2;0;0;0m [38;2;0;0;0m [38;2;0;0;0m [0m
[38;2;0;0;0m [38;2;0;0;0m [38;2;0;0;0m [38;2;35;41;38m▐[38;2;190;149;78m▜[38;2;179;142;76m▙[38;2;103;117;83m▇[38;2;107;122;87m▜[38;2;120;138;96m▋[38;2;63;72;66m▏[38;2;125;143;112m⏉[38;2;137;154;110m▜[38;2;134;151;108m▇[38;2;105;118;84m▙[38;2;127;144;99m▟[38;2;128;146;101m▇[38;2;125;143;100m▛[38;2;90;104;81m▏[38;2;50;54;52m▕[38;2;127;146;101m▐[38;2;110;126;89m▛[38;2;103;118;84m▇[38;2;164;132;72m▟[38;2;176;140;75m▉[38;2;32;38;34m▌[38;2;0;0;0m [38;2;0;0;0m [38;2;0;0;0m [0m
[38;2;0;0;0m [38;2;0;0;0m [38;2;0;0;0m [38;2;35;41;37m▐[38;2;110;124;87m▇[38;2;156;127;70m▜[38;2;189;149;78m▙[38;2;105;115;80m▟[38;2;126;144;100m▋[38;2;65;74;68m▏[38;2;3;3;3m▁[38;2;42;49;39m▟[38;2;135;145;98m▟[38;2;148;147;95m▛[38;2;102;117;82m▜[38;2;120;138;96m▙[38;2;40;46;38m▙[38;2;2;2;2m▏[38;2;34;39;36m▕[38;2;133;152;105m▐[38;2;135;155;107m▌[38;2;191;150;78m▟[38;2;165;133;73m▛[38;2;111;126;87m▇[38;2;32;38;34m▌[38;2;0;0;0m [38;2;0;0;0m [38;2;0;0;0m [0m
[38;2;0;0;0m [38;2;0;0;0m [38;2;24;27;25m▁[38;2;32;38;34m▐[38;2;121;138;95m▇[38;2;108;124;88m▐[38;2;93;101;71m▇[38;2;115;131;92m▇[38;2;92;106;76m▋[38;2;64;73;67m▏[38;2;60;66;63m⎡[38;2;127;145;100m▐[38;2;148;140;87m▉[38;2;145;61;32m▐[38;2;142;62;33m▌[38;2;112;128;90m▇[38;2;121;139;97m▌[38;2;43;48;45m▏[38;2;54;60;56m▕[38;2;77;90;66m▟[38;2;115;131;92m▇[38;2;255;255;193m▓[38;2;115;131;92m▌[38;2;125;144;99m▇[38;2;33;39;35m▋[38;2;47;51;48m⏞[38;2;0;0;0m [38;2;0;0;0m [0m
[38;2;32;35;34m⎛[38;2;106;122;86m▗[38;2;99;113;81m▆[38;2;96;91;63m▇[38;2;94;107;76m▇[38;2;120;137;95m▟[38;2;102;117;83m▇[38;2;192;213;156m▓[38;2;119;136;95m▉[38;2;33;38;34m▍[38;2;0;0;0m [38;2;29;34;31m▝[38;2;119;119;79m▀[38;2;123;132;89m▙[38;2;114;130;91m▟[38;2;101;116;83m▀[38;2;30;35;31m▘[38;2;0;0;0m [38;2;24;28;26m▐[38;2;105;121;85m▇[38;2;199;220;161m▓[38;2;100;114;81m▇[38;2;123;141;98m▙[38;2;94;107;77m▇[38;2;96;91;63m▇[38;2;97;111;79m▆[38;2;116;133;93m▖[38;2;25;28;26m▏[0m
[38;2;58;65;61m⎱[38;2;106;121;85m▜[38;2;97;111;79m▙[38;2;106;77;51m▇[38;2;113;130;91m▇[38;2;84;97;71m▇[38;2;114;131;91m▇[38;2;89;97;68m▇[38;2;101;114;80m▇[38;2;101;115;82m▙[38;2;21;24;22m▋[38;2;0;0;0m [38;2;9;9;9m⏉[38;2;68;78;59m▝[38;2;70;81;61m▘[38;2;6;7;6m▏[38;2;0;0;0m [38;2;21;25;23m⏺[38;2;97;111;79m▟[38;2;104;119;84m▇[38;2;84;95;68m▇[38;2;113;129;91m▇[38;2;84;96;70m▇[38;2;115;131;92m▇[38;2;104;78;52m▇[38;2;236;245;174m▓[38;2;111;127;89m▊[38;2;27;31;28m▍[0m
[38;2;0;0;0m [38;2;24;28;25m▝[38;2;64;73;56m▀[38;2;83;95;69m▀[38;2;42;49;40m▀[38;2;23;27;24m▀[38;2;104;118;84m▀[38;2;126;143;100m▀[38;2;76;88;65m▀[38;2;27;32;29m▘[38;2;0;0;0m [38;2;0;0;0m [38;2;0;0;0m [38;2;0;0;0m [38;2;0;0;0m [38;2;0;0;0m [38;2;0;0;0m [38;2;0;0;0m [38;2;26;30;27m▝[38;2;76;87;65m▀[38;2;127;145;101m▀[38;2;107;122;87m▀[38;2;35;41;36m▘[38;2;40;46;39m▀[38;2;82;95;69m▀[38;2;64;75;57m▀[38;2;26;30;27m▘[38;2;0;0;0m [0m
