[38;2;0;0;0m [38;2;0;0;0m [38;2;0;0;0m [38;2;22;26;22m▂[38;2;125;141;103m▂[38;2;135;152;111m▃[38;2;120;136;100m▃[38;2;97;112;84m▁[38;2;6;7;7m▁[38;2;0;0;0m [38;2;0;0;0m [38;2;0;0;0m [38;2;0;0;0m [38;2;0;0;0m [38;2;0;0;0m [38;2;0;0;0m [38;2;0;0;0m [38;2;0;0;0m [38;2;0;0;0m [38;2;1;1;1m╲[38;2;76;88;68m▁[38;2;145;164;119m▂[38;2;134;151;110m▃[38;2;132;150;108m▂[38;2;43;51;41m▁[38;2;0;0;0m [38;2;0;0;0m [38;2;0;0;0m [0m
[38;2;0;0;0m [38;2;0;0;0m [38;2;60;71;62m⎧[38;2;123;140;102m▟[38;2;102;100;74m▇[38;2;129;76;54m▇[38;2;108;98;72m▛[38;2;135;153;111m▇[38;2;104;107;71m▄[38;2;197;159;75m▃[38;2;182;149;72m▂[38;2;22;25;21m▂[38;2;0;0;0m [38;2;0;0;0m [38;2;0;0;0m [38;2;0;0;0m [38;2;18;21;18m▁[38;2;139;117;60m▂[38;2;191;155;74m▃[38;2;134;123;71m▃[38;2;134;151;110m▇[38;2;84;90;67m▇[38;2;126;75;53m▇[38;2;106;97;71m▇[38;2;127;144;105m▉[38;2;27;33;28m▍[38;2;0;0;0m [38;2;0;0;0m [0m
[38;2;0;0;0m [38;2;0;0;0m [38;2;33;37;34m⎝[38;2;137;154;113m▝[38;2;85;98;73m▇[38;2;81;91;67m▇[38;2;115;123;89m▇[38;2;102;117;86m▇[38;2;122;136;99m▇[38;2;115;99;53m▀[38;2;191;155;73m▜[38;2;182;148;70m▊[38;2;44;52;45m▏[38;2;0;0;0m [38;2;0;0;0m [38;2;36;38;36m⎛[38;2;179;146;71m▐[38;2;214;172;80m▛[38;2;131;111;57m▀[38;2;113;123;87m▇[38;2;137;154;113m▛[38;2;127;144;106m▙[38;2;89;94;70m▇[38;2;84;96;72m▇[38;2;149;169;121m▘[38;2;14;16;14m▘[38;2;0;0;0m [38;2;0;0;0m [0m
[38;2;0;0;0m [38;2;0;0;0m [38;2;0;0;0m [38;2;0;0;0m [38;2;2;2;2m⇢[38;2;132;149;109m▐[38;2;137;155;113m▉[38;2;32;38;32m▛[38;2;102;116;86m▜[38;2;112;126;91m▇[38;2;187;151;68m▟[38;2;163;135;64m▋[38;2;41;48;42m▏[38;2;0;0;0m [38;2;0;0;0m [38;2;13;15;14m▁[38;2;155;129;63m▐[38;2;202;161;71m▙[38;2;108;120;86m▇[38;2;115;131;96m▛[38;2;28;34;28m▜[38;2;109;124;92m▇[38;2;140;159;115m▋[38;2;46;54;48m▏[38;2;0;0;0m [38;2;0;0;0m [38;2;0;0;0m [38;2;0;0;0m [0m
[38;2;0;0;0m [38;2;0;0;0m [38;2;0;0;0m [38;2;0;0;0m [38;2;0;0;0m [38;2;39;47;38m▝[38;2;134;151;110m▀[38;2;119;135;99m▇[38;2;133;150;109m▄[38;2;133;119;65m▇[38;2;135;114;56m▛[38;2;116;132;97m▇[38;2;127;144;105m▙[38;2;60;70;54m▖[38;2;46;54;43m▗[38;2;116;132;97m▟[38;2;124;140;102m▇[38;2;153;130;64m▀[38;2;182;146;64m▇[38;2;112;116;77m▄[38;2;118;134;98m▇[38;2;116;131;96m▛[38;2;70;82;62m▘[38;2;0;0;0m [38;2;0;0;0m [38;2;0;0;0m [38;2;0;0;0m [38;2;0;0;0m [0m
[38;2;0;0;0m [38;2;0;0;0m [38;2;0;0;0m [38;2;0;0;0m [38;2;0;0;0m [38;2;0;0;0m [38;2;0;0;0m [38;2;18;22;19m▝[38;2;94;95;62m▜[38;2;140;139;89m▇[38;2;118;134;99m▇[38;2;124;141;103m▄[38;2;100;114;84m▇[38;2;129;145;106m▇[38;2;127;144;105m▇[38;2;104;119;88m▇[38;2;128;145;106m▄[38;2;114;129;94m▇[38;2;153;127;60m▇[38;2;196;156;67m▌[38;2;27;33;28m▘[38;2;1;1;1m▏[38;2;0;0;0m [38;2;0;0;0m [38;2;0;0;0m [38;2;0;0;0m [38;2;0;0;0m [38;2;0;0;0m [0m
[38;2;0;0;0m [38;2;0;0;0m [38;2;0;0;0m [38;2;0;0;0m [38;2;0;0;0m [38;2;0;0;0m [38;2;0;0;0m [38;2;0;0;0m [38;2;33;39;32m▝[38;2;166;135;63m▜[38;2;176;143;66m▙[38;2;118;114;70m▇[38;2;98;112;82m▇[38;2;139;157;114m▇[38;2;92;106;79m▇[38;2;132;150;109m▇[38;2;87;90;60m▇[38;2;177;142;63m▄[38;2;194;155;68m▛[38;2;78;73;43m▘[38;2;0;0;0m [38;2;0;0;0m [38;2;0;0;0m [38;2;0;0;0m [38;2;0;0;0m [38;2;0;0;0m [38;2;0;0;0m [38;2;0;0;0m [0m
[38;2;0;0;0m [38;2;0;0;0m [38;2;0;0;0m [38;2;0;0;0m [38;2;0;0;0m [38;2;0;0;0m [38;2;0;0;0m [38;2;0;0;0m [38;2;0;0;0m [38;2;9;10;9m⏉[38;2;49;48;33m▝[38;2;102;97;57m▜[38;2;137;155;113m▇[38;2;116;113;69m▇[38;2;102;100;63m▞[38;2;138;156;114m▇[38;2;115;108;62m▛[38;2;255;233;98m⏟[38;2;13;16;14m▘[38;2;0;0;0m [38;2;0;0;0m [38;2;0;0;0m [38;2;0;0;0m [38;2;0;0;0m [38;2;0;0;0m [38;2;0;0;0m [38;2;0;0;0m [38;2;0;0;0m [0m
[38;2;0;0;0m [38;2;0;0;0m [38;2;0;0;0m [38;2;0;0;0m [38;2;0;0;0m [38;2;0;0;0m [38;2;0;0;0m [38;2;0;0;0m [38;2;0;0;0m [38;2;0;0;0m [38;2;0;0;0m [38;2;121;138;101m▐[38;2;135;152;111m▉[38;2;70;66;39m▜[38;2;176;137;54m▇[38;2;134;124;70m▇[38;2;95;110;82m▍[38;2;0;0;0m [38;2;0;0;0m [38;2;0;0;0m [38;2;0;0;0m [38;2;0;0;0m [38;2;0;0;0m [38;2;0;0;0m [38;2;0;0;0m [38;2;0;0;0m [38;2;0;0;0m [38;2;0;0;0m [0m
[38;2;0;0;0m [38;2;0;0;0m [38;2;0;0;0m [38;2;0;0;0m [38;2;0;0;0m [38;2;0;0;0m [38;2;0;0;0m [38;2;0;0;0m [38;2;0;0;0m [38;2;0;0;0m [38;2;0;0;0m [38;2;75;88;66m▐[38;2;117;133;97m▇[38;2;118;130;90m▇[38;2;195;169;81m▘[38;2;189;150;65m▇[38;2;147;124;61m▍[38;2;0;0;0m [38;2;0;0;0m [38;2;0;0;0m [38;2;0;0;0m [38;2;0;0;0m [38;2;0;0;0m [38;2;0;0;0m [38;2;0;0;0m [38;2;0;0;0m [38;2;0;0;0m [38;2;0;0;0m [0m
[38;2;0;0;0m [38;2;0;0;0m [38;2;0;0;0m [38;2;0;0;0m [38;2;0;0;0m [38;2;0;0;0m [38;2;0;0;0m [38;2;0;0;0m [38;2;0;0;0m [38;2;0;0;0m [38;2;50;56;51m⎧[38;2;120;136;100m▟[38;2;132;150;109m▛[38;2;119;135;99m▆[38;2;110;124;90m▄[38;2;179;144;63m▇[38;2;148;124;60m▍[38;2;0;0;0m [38;2;0;0;0m [38;2;0;0;0m [38;2;0;0;0m [38;2;0;0;0m [38;2;0;0;0m [38;2;0;0;0m [38;2;0;0;0m [38;2;0;0;0m [38;2;0;0;0m [38;2;0;0;0m [0m
[38;2;0;0;0m [38;2;0;0;0m [38;2;0;0;0m [38;2;0;0;0m [38;2;0;0;0m [38;2;0;0;0m [38;2;0;0;0m [38;2;0;0;0m [38;2;1;1;1m╲[38;2;85;98;74m▁[38;2;128;145;106m▂[38;2;114;130;95m▇[38;2;104;117;83m▙[38;2;122;118;67m▆[38;2;97;104;75m▇[38;2;123;140;102m▇[38;2;88;103;77m▍[38;2;129;147;106m▂[38;2;79;91;68m▂[38;2;10;12;11m▁[38;2;0;0;0m [38;2;0;0;0m [38;2;0;0;0m [38;2;0;0;0m [38;2;0;0;0m [38;2;0;0;0m [38;2;0;0;0m [38;2;0;0;0m [0m
[38;2;0;0;0m [38;2;0;0;0m [38;2;0;0;0m [38;2;0;0;0m [38;2;0;0;0m [38;2;0;0;0m [38;2;0;0;0m [38;2;0;0;0m [38;2;22;27;23m▐[38;2;120;136;99m▇[38;2;101;115;85m▇[38;2;91;104;78m▇[38;2;137;155;111m▇[38;2;111;92;66m▇[38;2;120;75;53m▇[38;2;129;146;106m▇[38;2;109;124;91m▙[38;2;93;107;79m▇[38;2;136;154;111m▇[38;2;35;43;35m▌[38;2;0;0;0m [38;2;0;0;0m [38;2;0;0;0m [38;2;0;0;0m [38;2;0;0;0m [38;2;0;0;0m [38;2;0;0;0m [38;2;0;0;0m [0m
[38;2;0;0;0m [38;2;0;0;0m [38;2;0;0;0m [38;2;0;0;0m [38;2;0;0;0m [38;2;0;0;0m [38;2;0;0;0m [38;2;0;0;0m [38;2;3;3;3m⏉[38;2;59;69;54m▝[38;2;109;124;91m▀[38;2;108;124;91m▀[38;2;71;83;63m▘[38;2;88;101;75m▀[38;2;111;127;92m▀[38;2;46;54;43m▀[38;2;106;120;89m▀[38;2;116;132;96m▀[38;2;83;95;71m▘[38;2;9;10;9m▏[38;2;0;0;0m [38;2;0;0;0m [38;2;0;0;0m [38;2;0;0;0m [38;2;0;0;0m [38;2;0;0;0m [38;2;0;0;0m [38;2;0;0;0m [0m
