[38;2;0;0;0m [38;2;0;0;0m [38;2;0;0;0m [38;2;0;0;0m [38;2;0;0;0m [38;2;0;0;0m [38;2;0;0;0m [38;2;0;0;0m [38;2;0;0;0m [38;2;0;0;0m [38;2;0;0;0m [38;2;0;0;0m [38;2;0;0;0m [38;2;0;0;0m [38;2;0;0;0m [38;2;0;0;0m [38;2;0;0;0m [38;2;0;0;0m [38;2;0;0;0m [38;2;0;0;0m [38;2;0;0;0m [38;2;0;0;0m [38;2;0;0;0m [38;2;0;0;0m [38;2;0;0;0m [38;2;0;0;0m [38;2;0;0;0m [38;2;0;0;0m [0m
[38;2;0;0;0m╲[38;2;76;87;66m▁[38;2;123;138;99m▃[38;2;138;155;109m▃[38;2;122;137;98m▂[38;2;27;32;27m▂[38;2;99;112;81m▂[38;2;84;97;70m▂[38;2;22;25;22m⏞[38;2;0;0;0m [38;2;0;0;0m [38;2;0;0;0m [38;2;0;0;0m [38;2;0;0;0m [38;2;0;0;0m [38;2;0;0;0m [38;2;0;0;0m [38;2;0;0;0m [38;2;0;0;0m [38;2;7;8;8m▁[38;2;73;84;63m▂[38;2;107;121;87m▂[38;2;27;32;28m▂[38;2;111;126;90m▂[38;2;136;153;107m▃[38;2;127;143;101m▃[38;2;60;69;53m▂[38;2;3;3;3m▏[0m
[38;2;61;72;64m⎡[38;2;112;127;91m▇[38;2;238;188;137m▓[38;2;81;60;44m▇[38;2;106;120;86m▜[38;2;133;150;108m▙[38;2;99;113;82m▇[38;2;95;109;80m▍[38;2;8;9;8m▘[38;2;0;0;0m [38;2;0;0;0m [38;2;0;0;0m [38;2;0;0;0m [38;2;0;0;0m [38;2;0;0;0m [38;2;0;0;0m [38;2;0;0;0m [38;2;0;0;0m [38;2;0;0;0m [38;2;11;13;12m⏉[38;2;49;58;45m▜[38;2;99;113;82m▇[38;2;114;129;93m▇[38;2;114;130;93m▛[38;2;220;176;130m▓[38;2;87;64;47m▇[38;2;129;146;103m▉[38;2;29;35;31m▍[0m
[38;2;4;4;4m⏉[38;2;77;88;66m▝[38;2;123;140;100m▀[38;2;136;155;111m▜[38;2;94;109;80m▇[38;2;104;107;71m▇[38;2;126;143;105m▇[38;2;98;114;86m▍[38;2;1;1;1m▏[38;2;0;0;0m [38;2;0;0;0m [38;2;0;0;0m [38;2;61;72;56m▗[38;2;116;135;99m▅[38;2;120;139;102m▅[38;2;73;86;66m▖[38;2;0;0;0m [38;2;0;0;0m [38;2;0;0;0m [38;2;0;0;0m [38;2;64;76;58m▐[38;2;125;142;104m▇[38;2;105;108;72m▇[38;2;140;160;116m▌[38;2;116;132;96m▇[38;2;124;141;101m▀[38;2;85;98;72m▘[38;2;5;6;5m▏[0m
[38;2;0;0;0m [38;2;0;0;0m [38;2;0;0;0m [38;2;108;124;91m▐[38;2;133;117;64m▇[38;2;190;155;74m▛[38;2;101;114;84m▇[38;2;125;144;107m▇[38;2;105;121;92m▖[38;2;2;2;2m▏[38;2;0;0;0m [38;2;0;0;0m [38;2;100;117;88m▐[38;2;107;120;86m▇[38;2;120;132;94m▇[38;2;128;149;111m▍[38;2;0;0;0m [38;2;0;0;0m [38;2;0;0;0m [38;2;87;100;77m▗[38;2;125;142;106m▇[38;2;107;123;91m▉[38;2;185;149;70m▜[38;2;140;121;64m▇[38;2;104;120;88m▋[38;2;11;11;11m▏[38;2;0;0;0m [38;2;0;0;0m [0m
[38;2;0;0;0m [38;2;0;0;0m [38;2;0;0;0m [38;2;134;113;57m▐[38;2;194;156;73m▊[38;2;109;121;87m▇[38;2;110;127;94m▇[38;2;66;78;61m▛[38;2;126;145;108m▇[38;2;104;120;91m▖[38;2;1;1;1m▏[38;2;0;0;0m [38;2;42;50;41m▐[38;2;120;138;102m▇[38;2;109;127;94m▇[38;2;53;64;52m▎[38;2;0;0;0m [38;2;0;0;0m [38;2;89;102;79m▗[38;2;127;144;108m▇[38;2;65;76;59m▜[38;2;119;137;101m▉[38;2;108;121;86m▇[38;2;195;156;71m▜[38;2;196;157;72m▍[38;2;0;0;0m [38;2;0;0;0m [38;2;0;0;0m [0m
[38;2;0;0;0m [38;2;0;0;0m [38;2;0;0;0m [38;2;137;115;58m▝[38;2;165;135;64m▉[38;2;158;136;73m▟[38;2;121;138;103m▇[38;2;112;129;97m▖[38;2;108;124;95m▝[38;2;129;146;110m▇[38;2;97;112;86m▖[38;2;73;86;66m▗[38;2;125;144;107m▇[38;2;106;93;56m▇[38;2;104;103;69m▇[38;2;140;162;120m▙[38;2;58;69;55m▖[38;2;86;99;77m▗[38;2;128;145;109m▇[38;2;120;138;104m▘[38;2;107;123;92m▗[38;2;118;135;99m▇[38;2;160;138;73m▙[38;2;153;127;62m▇[38;2;150;128;66m▎[38;2;0;0;0m [38;2;0;0;0m [38;2;0;0;0m [0m
[38;2;0;0;0m [38;2;0;0;0m [38;2;0;0;0m [38;2;34;38;30m▗[38;2;203;162;74m▟[38;2;128;108;55m▇[38;2;128;145;108m▟[38;2;141;160;121m▍[38;2;0;0;0m [38;2;121;138;105m▝[38;2;109;125;95m▇[38;2;123;142;106m▇[38;2;122;142;106m▀[38;2;101;118;88m▇[38;2;117;137;101m▇[38;2;122;142;105m▀[38;2;138;159;118m▙[38;2;112;128;97m▇[38;2;130;147;112m▘[38;2;2;2;2m▏[38;2;110;126;94m▐[38;2;116;134;98m▙[38;2;114;113;71m▇[38;2;205;163;74m▙[38;2;31;37;30m▖[38;2;0;0;0m [38;2;0;0;0m [38;2;0;0;0m [0m
[38;2;0;0;0m [38;2;0;0;0m [38;2;0;0;0m [38;2;211;177;87m⎝[38;2;187;150;69m▇[38;2;113;127;91m▟[38;2;110;127;95m▇[38;2;117;137;103m▎[38;2;0;0;0m [38;2;90;106;80m▗[38;2;124;144;107m▇[38;2;108;124;93m▇[38;2;49;58;47m▅[38;2;130;150;111m▇[38;2;108;124;93m▇[38;2;80;93;71m▗[38;2;108;124;93m▇[38;2;122;141;105m▇[38;2;73;86;66m▖[38;2;0;0;0m [38;2;77;90;69m▐[38;2;141;163;119m▛[38;2;112;130;95m▙[38;2;168;137;65m▇[38;2;76;82;59m▏[38;2;0;0;0m [38;2;0;0;0m [38;2;0;0;0m [0m
[38;2;0;0;0m [38;2;0;0;0m [38;2;0;0;0m [38;2;34;37;34m▕[38;2;111;112;72m▟[38;2;164;134;64m▇[38;2;127;132;88m▟[38;2;137;159;117m▌[38;2;87;103;77m▗[38;2;122;142;105m▇[38;2;111;130;97m▘[38;2;134;154;115m▝[38;2;122;142;105m▉[38;2;109;128;95m▇[38;2;126;147;108m▇[38;2;113;132;97m▇[38;2;131;152;113m▘[38;2;125;144;107m▝[38;2;121;141;104m▇[38;2;75;89;68m▖[38;2;140;162;119m▐[38;2;131;129;81m▙[38;2;122;121;76m▇[38;2;129;149;108m▋[38;2;22;24;23m▏[38;2;0;0;0m [38;2;0;0;0m [38;2;0;0;0m [0m
[38;2;0;0;0m [38;2;0;0;0m [38;2;46;54;43m▁[38;2;117;133;96m▂[38;2;113;130;94m▟[38;2;233;255;193m▓[38;2;105;112;76m▇[38;2;103;121;89m▇[38;2;121;141;104m▇[38;2;106;125;93m▘[38;2;0;0;0m▏[38;2;47;56;44m▗[38;2;132;153;112m▟[38;2;106;88;66m▇[38;2;107;88;66m▇[38;2;134;156;114m▙[38;2;48;57;46m▖[38;2;2;2;2m⏉[38;2;119;138;103m▝[38;2;120;139;102m▇[38;2;111;129;95m▇[38;2;102;108;73m▇[38;2;87;101;74m▇[38;2;112;130;95m▙[38;2;118;135;98m▂[38;2;29;34;29m▂[38;2;0;0;0m [38;2;0;0;0m [0m
[38;2;0;0;0m [38;2;56;64;59m⎧[38;2;103;117;85m▇[38;2;102;100;61m▇[38;2;116;113;67m▛[38;2;211;246;179m▓[38;2;123;142;102m▛[38;2;125;142;101m▇[38;2;87;86;54m▙[38;2;27;33;29m▁[38;2;0;0;0m [38;2;123;143;103m▐[38;2;109;110;80m▇[38;2;125;77;56m▇[38;2;124;76;55m▇[38;2;110;111;80m▇[38;2;124;144;104m▌[38;2;0;0;0m╲[38;2;21;26;23m▂[38;2;100;96;58m▟[38;2;122;140;101m▇[38;2;101;117;86m▇[38;2;221;255;189m▓[38;2;122;116;68m▜[38;2;103;104;65m▇[38;2;124;142;102m▊[38;2;50;56;51m▏[38;2;0;0;0m [0m
[38;2;0;0;0m [38;2;2;2;2m⏉[38;2;84;97;72m▝[38;2;129;145;103m▀[38;2;126;143;101m▀[38;2;90;104;75m▀[38;2;19;22;20m▀[38;2;110;125;89m▀[38;2;122;138;97m▀[38;2;70;82;60m▘[38;2;0;0;0m [38;2;46;54;43m▝[38;2;122;138;99m▀[38;2;126;143;102m▘[38;2;86;99;72m▀[38;2;120;136;97m▀[38;2;45;54;43m▘[38;2;4;4;4m⎾[38;2;102;116;84m▝[38;2;125;142;100m▀[38;2;101;116;83m▀[38;2;19;23;20m▀[38;2;100;115;84m▀[38;2;129;146;104m▀[38;2;129;147;104m▀[38;2;80;94;69m▘[38;2;1;1;1m▏[38;2;0;0;0m [0m
[38;2;0;0;0m [38;2;0;0;0m [38;2;0;0;0m [38;2;0;0;0m [38;2;0;0;0m [38;2;0;0;0m [38;2;0;0;0m [38;2;0;0;0m [38;2;0;0;0m [38;2;0;0;0m [38;2;0;0;0m [38;2;0;0;0m [38;2;0;0;0m [38;2;0;0;0m [38;2;0;0;0m [38;2;0;0;0m [38;2;0;0;0m [38;2;0;0;0m [38;2;0;0;0m [38;2;0;0;0m [38;2;0;0;0m [38;2;0;0;0m [38;2;0;0;0m [38;2;0;0;0m [38;2;0;0;0m [38;2;0;0;0m [38;2;0;0;0m [38;2;0;0;0m [0m
