[38;2;0;0;0m [38;2;0;0;0m [38;2;0;0;0m [38;2;0;0;0m [38;2;19;22;19m▂[38;2;126;145;106m▂[38;2;130;150;109m▃[38;2;130;149;109m▂[38;2;27;32;27m▂[38;2;0;0;0m [38;2;0;0;0m [38;2;0;0;0m [38;2;0;0;0m [38;2;0;0;0m [38;2;0;0;0m [38;2;0;0;0m [38;2;0;0;0m [38;2;0;0;0m [38;2;0;0;0m [38;2;22;27;23m▂[38;2;123;141;104m▂[38;2;131;150;110m▃[38;2;135;154;113m▂[38;2;24;28;24m▂[38;2;0;0;0m [38;2;0;0;0m [38;2;0;0;0m [38;2;0;0;0m [0m
[38;2;0;0;0m [38;2;0;0;0m [38;2;0;0;0m [38;2;15;16;16m⎛[38;2;132;152;110m▐[38;2;100;94;69m▇[38;2;114;76;57m▇[38;2;90;104;77m▇[38;2;124;142;103m▇[38;2;96;111;82m▃[38;2;119;135;100m▃[38;2;27;31;26m▖[38;2;0;0;0m [38;2;0;0;0m [38;2;0;0;0m [38;2;0;0;0m [38;2;17;20;18m▗[38;2;110;125;94m▃[38;2;96;110;82m▃[38;2;138;158;116m▟[38;2;90;104;77m▇[38;2;111;80;59m▇[38;2;98;85;63m▇[38;2;131;151;110m▋[38;2;33;36;33m▏[38;2;0;0;0m [38;2;0;0;0m [38;2;0;0;0m [0m
[38;2;0;0;0m [38;2;0;0;0m [38;2;0;0;0m [38;2;0;0;0m [38;2;117;138;106m⏉[38;2;126;125;78m▇[38;2;125;126;80m▇[38;2;127;117;64m▇[38;2;106;115;79m▇[38;2;117;135;98m▙[38;2;130;149;108m▇[38;2;102;118;89m▎[38;2;0;0;0m [38;2;0;0;0m [38;2;0;0;0m [38;2;0;0;0m [38;2;172;199;146m⎝[38;2;127;145;106m▇[38;2;114;132;97m▟[38;2;115;128;90m▉[38;2;158;133;64m▙[38;2;113;120;81m▇[38;2;111;122;85m▇[38;2;50;59;47m▍[38;2;0;0;0m [38;2;0;0;0m [38;2;0;0;0m [38;2;0;0;0m [0m
[38;2;0;0;0m [38;2;0;0;0m [38;2;0;0;0m [38;2;0;0;0m [38;2;25;31;28m▐[38;2;195;161;76m▇[38;2;255;255;129m▏[38;2;110;118;80m▇[38;2;158;138;71m▇[38;2;143;129;70m▉[38;2;37;44;37m▍[38;2;1;1;1m▏[38;2;0;0;0m [38;2;0;0;0m [38;2;0;0;0m [38;2;0;0;0m [38;2;0;0;0m [38;2;82;97;80m⏉[38;2;121;112;64m▇[38;2;161;139;71m▇[38;2;130;139;94m▙[38;2;71;72;46m▇[38;2;195;165;81m▇[38;2;32;39;33m▌[38;2;0;0;0m [38;2;0;0;0m [38;2;0;0;0m [38;2;0;0;0m [0m
[38;2;0;0;0m [38;2;0;0;0m [38;2;0;0;0m [38;2;0;0;0m [38;2;42;49;43m⎩[38;2;124;122;75m▜[38;2;121;140;102m▇[38;2;96;112;83m▊[38;2;31;36;28m▜[38;2;204;168;78m▇[38;2;37;43;35m▌[38;2;0;0;0m [38;2;0;0;0m [38;2;0;0;0m [38;2;0;0;0m [38;2;0;0;0m [38;2;0;0;0m [38;2;28;35;31m▐[38;2;198;164;77m▇[38;2;218;191;100m▏[38;2;88;102;76m▜[38;2;122;140;103m▇[38;2;133;129;79m▛[38;2;48;58;50m▏[38;2;0;0;0m [38;2;0;0;0m [38;2;0;0;0m [38;2;0;0;0m [0m
[38;2;0;0;0m [38;2;0;0;0m [38;2;0;0;0m [38;2;0;0;0m [38;2;64;77;67m⎡[38;2;120;138;101m▇[38;2;91;106;78m▛[38;2;131;150;109m▜[38;2;126;142;102m▆[38;2;153;137;73m▛[38;2;24;29;25m▘[38;2;0;0;0m [38;2;0;0;0m [38;2;0;0;0m [38;2;0;0;0m [38;2;0;0;0m [38;2;0;0;0m [38;2;22;26;22m▝[38;2;143;128;69m▜[38;2;115;128;91m▇[38;2;133;153;111m▛[38;2;86;100;74m▜[38;2;137;157;114m▉[38;2;31;36;31m▍[38;2;0;0;0m [38;2;0;0;0m [38;2;0;0;0m [38;2;0;0;0m [0m
[38;2;0;0;0m [38;2;0;0;0m [38;2;0;0;0m [38;2;0;0;0m [38;2;44;50;45m⎩[38;2;120;138;102m▜[38;2;122;125;81m▙[38;2;182;151;72m▆[38;2;85;92;64m▇[38;2;127;146;106m▇[38;2;31;37;31m▍[38;2;0;0;0m [38;2;0;0;0m [38;2;0;0;0m [38;2;0;0;0m [38;2;0;0;0m [38;2;0;0;0m [38;2;21;25;22m▐[38;2;121;139;102m▇[38;2;85;94;66m▇[38;2;182;152;74m▆[38;2;123;125;80m▟[38;2;124;143;104m▛[38;2;36;43;37m▏[38;2;0;0;0m [38;2;0;0;0m [38;2;0;0;0m [38;2;0;0;0m [0m
[38;2;0;0;0m [38;2;0;0;0m [38;2;0;0;0m [38;2;0;0;0m [38;2;42;49;44m⎛[38;2;124;108;57m▟[38;2;200;165;78m▛[38;2;113;124;87m▇[38;2;90;105;78m▟[38;2;135;155;112m▛[38;2;23;27;24m▍[38;2;0;0;0m [38;2;0;0;0m [38;2;0;0;0m [38;2;0;0;0m [38;2;0;0;0m [38;2;0;0;0m [38;2;56;67;58m⎩[38;2;131;150;110m▜[38;2;93;108;80m▙[38;2;112;125;89m▇[38;2;200;165;79m▜[38;2;127;111;58m▙[38;2;24;28;25m▏[38;2;0;0;0m [38;2;0;0;0m [38;2;0;0;0m [38;2;0;0;0m [0m
[38;2;0;0;0m [38;2;0;0;0m [38;2;0;0;0m [38;2;0;0;0m [38;2;37;42;34m▐[38;2;200;164;76m▇[38;2;60;70;52m▙[38;2;117;135;98m▟[38;2;119;137;100m▇[38;2;107;124;91m▋[38;2;23;26;23m▏[38;2;0;0;0m [38;2;0;0;0m [38;2;0;0;0m [38;2;0;0;0m [38;2;0;0;0m [38;2;0;0;0m [38;2;37;42;38m⎛[38;2;92;106;79m▟[38;2;143;163;119m▛[38;2;119;137;101m▙[38;2;61;70;52m▟[38;2;202;167;78m▇[38;2;34;41;33m▌[38;2;0;0;0m [38;2;0;0;0m [38;2;0;0;0m [38;2;0;0;0m [0m
[38;2;0;0;0m [38;2;0;0;0m [38;2;0;0;0m [38;2;0;0;0m [38;2;28;34;30m▐[38;2;117;127;87m▇[38;2;122;134;93m▇[38;2;89;87;53m▙[38;2;121;139;102m▐[38;2;140;161;116m▊[38;2;40;47;40m▎[38;2;0;0;0m [38;2;0;0;0m [38;2;17;20;18m▁[38;2;17;20;18m▁[38;2;0;0;0m [38;2;0;0;0m [38;2;77;92;80m⎜[38;2;119;136;100m▇[38;2;147;169;123m▍[38;2;94;90;55m▟[38;2;123;136;95m▇[38;2;115;123;84m▇[38;2;32;40;34m▍[38;2;0;0;0m [38;2;0;0;0m [38;2;0;0;0m [38;2;0;0;0m [0m
[38;2;0;0;0m [38;2;0;0;0m [38;2;0;0;0m [38;2;0;0;0m [38;2;87;102;75m▐[38;2;134;154;111m▉[38;2;100;108;74m▟[38;2;162;150;84m▛[38;2;116;131;98m▇[38;2;105;112;75m▇[38;2;191;158;74m▄[38;2;99;89;50m▖[38;2;104;120;89m▄[38;2;107;124;90m▆[38;2;109;125;92m▆[38;2;106;123;91m▄[38;2;110;100;54m▂[38;2;176;148;71m▅[38;2;103;112;77m▇[38;2;133;153;111m▊[38;2;154;142;80m▜[38;2;102;109;73m▋[38;2;131;151;109m▇[38;2;201;232;169m▏[38;2;0;0;0m [38;2;0;0;0m [38;2;0;0;0m [38;2;0;0;0m [0m
[38;2;0;0;0m [38;2;0;0;0m [38;2;0;0;0m [38;2;0;0;0m [38;2;29;35;29m▐[38;2;108;125;91m▇[38;2;101;109;79m▇[38;2;110;107;64m▇[38;2;116;133;97m▇[38;2;115;133;97m▋[38;2;139;120;61m▝[38;2;123;133;91m▜[38;2;103;120;88m▇[38;2;114;71;52m▟[38;2;117;73;53m▙[38;2;104;121;89m▇[38;2;126;137;94m▛[38;2;121;108;58m▘[38;2;111;128;94m▟[38;2;131;150;109m▊[38;2;99;109;74m▇[38;2;101;110;80m▇[38;2;108;125;91m▉[38;2;27;33;28m▍[38;2;0;0;0m [38;2;0;0;0m [38;2;0;0;0m [38;2;0;0;0m [0m
[38;2;0;0;0m [38;2;0;0;0m [38;2;0;0;0m [38;2;0;0;0m [38;2;43;51;41m▐[38;2;126;146;106m▉[38;2;132;89;57m▇[38;2;138;107;51m▇[38;2;245;255;173m▓[38;2;112;129;95m▇[38;2;128;147;107m▙[38;2;118;135;99m▟[38;2;108;125;92m▇[38;2;110;127;93m▇[38;2;115;133;97m▇[38;2;110;128;93m▇[38;2;119;138;101m▙[38;2;127;146;106m▟[38;2;110;127;93m▇[38;2;252;255;180m▓[38;2;130;105;54m▇[38;2;131;90;57m▇[38;2;119;138;100m▇[38;2;103;123;94m▏[38;2;0;0;0m [38;2;0;0;0m [38;2;0;0;0m [38;2;0;0;0m [0m
[38;2;0;0;0m [38;2;0;0;0m [38;2;0;0;0m [38;2;0;0;0m [38;2;9;10;10m⏉[38;2;75;87;67m▝[38;2;127;145;106m▀[38;2;142;163;118m▀[38;2;111;128;93m▀[38;2;50;59;47m▘[38;2;41;48;39m▀[38;2;85;99;75m▀[38;2;77;90;68m▀[38;2;25;30;25m▀[38;2;27;32;27m▀[38;2;78;91;69m▀[38;2;84;98;74m▀[38;2;57;67;53m▘[38;2;55;65;51m▝[38;2;118;136;100m▀[38;2;144;166;120m▀[38;2;128;148;107m▀[38;2;76;90;68m▘[38;2;6;7;6m▏[38;2;0;0;0m [38;2;0;0;0m [38;2;0;0;0m [38;2;0;0;0m [0m
