[38;2;0;0;0m [38;2;0;0;0m [38;2;0;0;0m [38;2;0;0;0m [38;2;0;0;0m [38;2;0;0;0m [38;2;16;20;18m▗[38;2;124;142;106m▂[38;2;72;85;67m▁[38;2;0;0;0m╱[38;2;0;0;0m [38;2;0;0;0m [38;2;0;0;0m [38;2;0;0;0m [38;2;0;0;0m [38;2;0;0;0m [38;2;0;0;0m [38;2;0;0;0m [38;2;0;0;0m [38;2;0;0;0m [38;2;0;0;0m [38;2;0;0;0m [38;2;0;0;0m [38;2;0;0;0m [38;2;0;0;0m [38;2;0;0;0m [38;2;0;0;0m [38;2;0;0;0m [0m
[38;2;0;0;0m [38;2;0;0;0m [38;2;0;0;0m [38;2;10;12;11m▁[38;2;94;108;81m▂[38;2;140;155;109m▃[38;2;112;126;91m▟[38;2;98;70;55m▇[38;2;99;113;84m▇[38;2;134;151;111m▃[38;2;134;151;114m▂[38;2;20;24;22m▖[38;2;0;0;0m [38;2;0;0;0m [38;2;0;0;0m [38;2;0;0;0m [38;2;0;0;0m [38;2;0;0;0m [38;2;0;0;0m [38;2;0;0;0m [38;2;0;0;0m [38;2;0;0;0m [38;2;0;0;0m [38;2;0;0;0m [38;2;0;0;0m [38;2;0;0;0m [38;2;0;0;0m [38;2;0;0;0m [0m
[38;2;0;0;0m [38;2;0;0;0m [38;2;0;0;0m [38;2;37;46;39m▐[38;2;122;138;104m▇[38;2;138;155;116m▅[38;2;242;253;175m▓[38;2;124;139;101m▇[38;2;115;129;93m▛[38;2;118;134;102m▅[38;2;107;123;94m▇[38;2;145;164;124m▍[38;2;0;0;0m [38;2;0;0;0m [38;2;0;0;0m [38;2;0;0;0m [38;2;0;0;0m [38;2;0;0;0m [38;2;0;0;0m [38;2;0;0;0m [38;2;0;0;0m [38;2;0;0;0m [38;2;0;0;0m [38;2;0;0;0m [38;2;0;0;0m [38;2;0;0;0m [38;2;0;0;0m [38;2;0;0;0m [0m
[38;2;0;0;0m [38;2;0;0;0m [38;2;0;0;0m [38;2;12;15;14m⏉[38;2;59;69;56m▝[38;2;82;83;57m▜[38;2;178;141;70m▇[38;2;97;108;75m▇[38;2;135;153;116m▇[38;2;113;104;64m▇[38;2;55;66;53m▛[38;2;19;24;21m▘[38;2;0;0;0m [38;2;0;0;0m [38;2;0;0;0m [38;2;0;0;0m [38;2;0;0;0m [38;2;0;0;0m [38;2;0;0;0m [38;2;0;0;0m [38;2;0;0;0m [38;2;0;0;0m [38;2;0;0;0m [38;2;0;0;0m [38;2;0;0;0m [38;2;0;0;0m [38;2;0;0;0m [38;2;0;0;0m [0m
[38;2;0;0;0m [38;2;0;0;0m [38;2;0;0;0m [38;2;0;0;0m [38;2;19;19;19m⎛[38;2;87;96;71m▟[38;2;167;136;70m▇[38;2;137;116;64m▙[38;2;120;137;104m▇[38;2;178;142;70m▟[38;2;39;46;37m▌[38;2;0;0;0m [38;2;0;0;0m [38;2;0;0;0m [38;2;0;0;0m [38;2;0;0;0m [38;2;0;0;0m [38;2;0;0;0m [38;2;0;0;0m [38;2;0;0;0m [38;2;0;0;0m [38;2;0;0;0m [38;2;0;0;0m [38;2;0;0;0m [38;2;0;0;0m [38;2;0;0;0m [38;2;0;0;0m [38;2;0;0;0m [0m
[38;2;0;0;0m [38;2;0;0;0m [38;2;0;0;0m [38;2;0;0;0m [38;2;10;10;10m▕[38;2;144;162;122m▐[38;2;83;97;76m▙[38;2;131;126;82m▇[38;2;191;150;73m▙[38;2;140;121;68m▇[38;2;34;43;37m▌[38;2;0;0;0m [38;2;0;0;0m [38;2;0;0;0m [38;2;0;0;0m [38;2;0;0;0m [38;2;0;0;0m [38;2;0;0;0m [38;2;0;0;0m [38;2;0;0;0m [38;2;0;0;0m [38;2;0;0;0m [38;2;0;0;0m [38;2;0;0;0m [38;2;0;0;0m [38;2;0;0;0m [38;2;0;0;0m [38;2;0;0;0m [0m
[38;2;0;0;0m [38;2;0;0;0m [38;2;0;0;0m [38;2;0;0;0m [38;2;6;6;6m▕[38;2;144;163;123m▐[38;2;251;255;211m▓[38;2;125;140;105m▇[38;2;116;105;64m▛[38;2;193;152;74m▇[38;2;34;43;39m▌[38;2;0;0;0m [38;2;0;0;0m [38;2;0;0;0m [38;2;0;0;0m [38;2;0;0;0m [38;2;0;0;0m [38;2;0;0;0m [38;2;0;0;0m [38;2;0;0;0m [38;2;0;0;0m [38;2;0;0;0m [38;2;0;0;0m [38;2;0;0;0m [38;2;0;0;0m [38;2;0;0;0m [38;2;0;0;0m [38;2;0;0;0m [0m
[38;2;0;0;0m [38;2;0;0;0m [38;2;0;0;0m [38;2;0;0;0m [38;2;29;30;29m▕[38;2;81;87;63m▇[38;2;193;152;74m▉[38;2;80;92;71m▇[38;2;148;132;77m▇[38;2;155;135;78m▇[38;2;35;44;39m▌[38;2;0;0;0m [38;2;0;0;0m [38;2;0;0;0m [38;2;0;0;0m [38;2;0;0;0m [38;2;0;0;0m [38;2;0;0;0m [38;2;0;0;0m [38;2;0;0;0m [38;2;0;0;0m [38;2;0;0;0m [38;2;0;0;0m [38;2;0;0;0m [38;2;0;0;0m [38;2;0;0;0m [38;2;0;0;0m [38;2;0;0;0m [0m
[38;2;0;0;0m [38;2;0;0;0m [38;2;0;0;0m [38;2;0;0;0m [38;2;29;30;29m▕[38;2;82;92;70m▇[38;2;172;138;70m▇[38;2;144;120;64m▇[38;2;120;113;68m▋[38;2;137;155;118m▇[38;2;38;47;41m▌[38;2;0;0;0m [38;2;0;0;0m [38;2;0;0;0m [38;2;0;0;0m [38;2;0;0;0m [38;2;0;0;0m [38;2;0;0;0m [38;2;0;0;0m [38;2;0;0;0m [38;2;0;0;0m [38;2;0;0;0m [38;2;0;0;0m [38;2;0;0;0m [38;2;0;0;0m [38;2;0;0;0m [38;2;0;0;0m [38;2;0;0;0m [0m
[38;2;0;0;0m [38;2;0;0;0m [38;2;0;0;0m [38;2;0;0;0m [38;2;30;32;31m▕[38;2;75;89;70m▇[38;2;113;127;96m▇[38;2;158;130;68m▜[38;2;150;126;68m▙[38;2;139;157;119m▇[38;2;33;41;36m▌[38;2;0;0;0m [38;2;0;0;0m [38;2;0;0;0m [38;2;0;0;0m [38;2;0;0;0m [38;2;0;0;0m [38;2;0;0;0m [38;2;0;0;0m [38;2;0;0;0m [38;2;9;11;10m▁[38;2;98;114;89m▁[38;2;130;147;112m▂[38;2;161;183;138m▁[38;2;22;27;24m▂[38;2;0;0;0m [38;2;0;0;0m [38;2;0;0;0m [0m
[38;2;0;0;0m [38;2;0;0;0m [38;2;0;0;0m [38;2;14;17;16m▁[38;2;79;92;72m▂[38;2;83;97;74m▇[38;2;130;148;112m▇[38;2;59;71;56m▇[38;2;129;147;111m▟[38;2;92;106;82m▇[38;2;82;94;71m▙[38;2;176;143;74m▁[38;2;52;56;42m▂[38;2;99;116;89m▁[38;2;93;110;85m▁[38;2;84;99;77m▁[38;2;94;111;86m▁[38;2;99;115;90m▁[38;2;107;125;96m▁[38;2;123;142;108m▁[38;2;98;113;87m▐[38;2;115;131;100m▇[38;2;255;230;176m▓[38;2;120;92;71m▇[38;2;134;152;115m▙[38;2;33;42;37m▖[38;2;0;0;0m [38;2;0;0;0m [0m
[38;2;0;0;0m [38;2;0;0;0m [38;2;23;29;26m▗[38;2;114;130;99m▟[38;2;107;123;94m▇[38;2;90;105;80m▙[38;2;98;113;87m▟[38;2;101;116;89m▇[38;2;103;118;89m▙[38;2;144;118;62m▆[38;2;206;161;78m▀[38;2;131;127;83m▇[38;2;138;125;76m▇[38;2;138;117;65m▇[38;2;152;137;82m▇[38;2;142;124;72m▇[38;2;152;134;78m▇[38;2;131;123;78m▇[38;2;86;99;77m▇[38;2;113;130;99m▇[38;2;108;124;95m▇[38;2;105;121;93m▇[38;2;111;119;85m▇[38;2;208;226;167m▓[38;2;131;150;113m▛[38;2;29;37;33m▘[38;2;0;0;0m [38;2;0;0;0m [0m
[38;2;0;0;0m [38;2;0;0;0m [38;2;27;33;30m▝[38;2;112;128;98m▜[38;2;90;104;80m▇[38;2;79;93;72m▟[38;2;113;129;99m▉[38;2;144;71;47m▇[38;2;119;128;97m▟[38;2;98;113;87m▇[38;2;110;125;96m▇[38;2;111;127;97m▟[38;2;105;120;92m▇[38;2;101;114;88m▇[38;2;107;118;87m▇[38;2;132;144;106m▙[38;2;121;137;105m▅[38;2;110;126;96m▇[38;2;105;118;89m▇[38;2;132;116;68m▇[38;2;185;148;73m▄[38;2;150;131;72m▇[38;2;118;119;80m▇[38;2;98;113;86m▛[38;2;43;53;44m▘[38;2;0;0;0m [38;2;0;0;0m [38;2;0;0;0m [0m
[38;2;0;0;0m [38;2;0;0;0m [38;2;0;0;0m [38;2;4;4;4m⏉[38;2;32;36;34m⏟[38;2;8;9;9m▘[38;2;50;60;49m▝[38;2;116;133;101m▀[38;2;73;86;68m▘[38;2;9;11;11m▀[38;2;23;29;26m▀[38;2;18;23;20m▀[38;2;24;27;26m⏟[38;2;8;9;8m⏉[38;2;44;52;49m⎴[38;2;58;72;66m⎴[38;2;62;77;71m⎴[38;2;62;77;71m⎴[38;2;64;79;72m⎴[38;2;65;80;74m⎴[38;2;65;80;73m⎴[38;2;58;71;65m⎴[38;2;25;28;27m⏟[38;2;0;0;0m [38;2;0;0;0m [38;2;0;0;0m [38;2;0;0;0m [38;2;0;0;0m [0m
