[38;2;0;0;0m [38;2;0;0;0m [38;2;0;0;0m [38;2;0;0;0m [38;2;0;0;0m [38;2;0;0;0m [38;2;0;0;0m [38;2;0;0;0m [38;2;0;0;0m [38;2;0;0;0m [38;2;0;0;0m [38;2;2;2;2m▁[38;2;74;90;68m▁[38;2;139;165;123m▂[38;2;141;167;125m▃[38;2;127;150;112m▄[38;2;122;145;108m▄[38;2;129;153;114m▃[38;2;103;123;92m▂[38;2;24;30;24m▂[38;2;104;124;93m▂[38;2;106;127;95m▂[38;2;11;14;12m▖[38;2;0;0;0m [38;2;0;0;0m [38;2;0;0;0m [38;2;0;0;0m [38;2;0;0;0m [0m
[38;2;0;0;0m [38;2;0;0;0m [38;2;0;0;0m [38;2;0;0;0m [38;2;0;0;0m [38;2;0;0;0m [38;2;0;0;0m [38;2;0;0;0m [38;2;0;0;0m [38;2;0;0;0m [38;2;0;0;0m [38;2;105;125;94m▗[38;2;136;161;121m▛[38;2;97;114;86m▛[38;2;124;148;110m▜[38;2;100;80;59m▟[38;2;122;61;45m▇[38;2;123;148;109m▟[38;2;141;167;124m▀[38;2;98;118;86m▇[38;2;70;85;64m▇[38;2;120;143;107m▇[38;2;217;255;192m▏[38;2;0;0;0m [38;2;0;0;0m [38;2;0;0;0m [38;2;0;0;0m [38;2;0;0;0m [0m
[38;2;0;0;0m [38;2;0;0;0m [38;2;0;0;0m [38;2;0;0;0m [38;2;0;0;0m [38;2;0;0;0m [38;2;0;0;0m [38;2;0;0;0m [38;2;0;0;0m [38;2;0;0;0m [38;2;0;0;0m [38;2;72;87;66m▝[38;2;132;156;116m▀[38;2;102;110;76m▜[38;2;132;128;79m▟[38;2;115;128;96m▇[38;2;232;216;162m▓[38;2;120;143;108m▉[38;2;93;113;83m▇[38;2;112;123;84m▇[38;2;125;139;97m▛[38;2;78;95;71m▀[38;2;13;15;13m▘[38;2;0;0;0m [38;2;0;0;0m [38;2;0;0;0m [38;2;0;0;0m [38;2;0;0;0m [0m
[38;2;0;0;0m [38;2;0;0;0m [38;2;0;0;0m [38;2;0;0;0m [38;2;0;0;0m [38;2;0;0;0m [38;2;0;0;0m [38;2;0;0;0m [38;2;0;0;0m [38;2;0;0;0m [38;2;0;0;0m [38;2;0;0;0m [38;2;0;0;0m [38;2;255;241;121m⎝[38;2;163;133;65m▇[38;2;94;111;82m▟[38;2;115;136;103m▇[38;2;118;140;105m▙[38;2;195;227;161m▓[38;2;177;144;70m▇[38;2;186;163;90m▏[38;2;0;0;0m [38;2;0;0;0m [38;2;0;0;0m [38;2;0;0;0m [38;2;0;0;0m [38;2;0;0;0m [38;2;0;0;0m [0m
[38;2;0;0;0m [38;2;0;0;0m [38;2;0;0;0m [38;2;0;0;0m [38;2;0;0;0m [38;2;0;0;0m [38;2;0;0;0m [38;2;0;0;0m [38;2;0;0;0m [38;2;0;0;0m [38;2;0;0;0m [38;2;0;0;0m [38;2;0;0;0m [38;2;11;12;11m▕[38;2;86;104;78m▟[38;2;128;152;114m▇[38;2;149;133;72m▙[38;2;137;129;77m▛[38;2;132;156;117m▇[38;2;119;142;105m▖[38;2;0;0;0m╱[38;2;0;0;0m [38;2;0;0;0m [38;2;0;0;0m [38;2;0;0;0m [38;2;0;0;0m [38;2;0;0;0m [38;2;0;0;0m [0m
[38;2;0;0;0m [38;2;0;0;0m [38;2;0;0;0m [38;2;0;0;0m [38;2;0;0;0m [38;2;0;0;0m [38;2;0;0;0m [38;2;0;0;0m [38;2;0;0;0m [38;2;0;0;0m [38;2;0;0;0m [38;2;0;0;0m [38;2;0;0;0m [38;2;59;72;61m⎾[38;2;100;120;89m▇[38;2;130;156;113m▊[38;2;183;145;66m▘[38;2;33;42;33m▜[38;2;121;146;105m▇[38;2;118;143;102m▌[38;2;5;5;5m▏[38;2;0;0;0m [38;2;0;0;0m [38;2;0;0;0m [38;2;0;0;0m [38;2;0;0;0m [38;2;0;0;0m [38;2;0;0;0m [0m
[38;2;0;0;0m [38;2;0;0;0m [38;2;0;0;0m [38;2;0;0;0m [38;2;0;0;0m [38;2;0;0;0m [38;2;0;0;0m [38;2;0;0;0m [38;2;0;0;0m [38;2;0;0;0m [38;2;0;0;0m [38;2;0;0;0m [38;2;0;0;0m [38;2;0;0;0m [38;2;83;79;48m▐[38;2;110;128;90m▇[38;2;100;121;88m▙[38;2;116;140;101m▇[38;2;97;118;86m▇[38;2;95;116;86m▖[38;2;0;0;0m [38;2;0;0;0m [38;2;0;0;0m [38;2;0;0;0m [38;2;0;0;0m [38;2;0;0;0m [38;2;0;0;0m [38;2;0;0;0m [0m
[38;2;0;0;0m [38;2;0;0;0m [38;2;0;0;0m [38;2;0;0;0m [38;2;0;0;0m [38;2;0;0;0m [38;2;0;0;0m [38;2;0;0;0m [38;2;0;0;0m [38;2;0;0;0m [38;2;0;0;0m [38;2;0;0;0m [38;2;0;0;0m [38;2;0;0;0m [38;2;211;170;82m▐[38;2;125;127;81m▙[38;2;116;140;102m▇[38;2;94;114;83m▇[38;2;109;132;96m▟[38;2;120;146;105m▋[38;2;26;28;26m▏[38;2;0;0;0m [38;2;0;0;0m [38;2;0;0;0m [38;2;0;0;0m [38;2;0;0;0m [38;2;0;0;0m [38;2;0;0;0m [0m
[38;2;0;0;0m [38;2;0;0;0m [38;2;0;0;0m [38;2;0;0;0m [38;2;0;0;0m [38;2;0;0;0m [38;2;0;0;0m [38;2;0;0;0m [38;2;4;5;5m▁[38;2;3;3;3m▁[38;2;0;0;0m [38;2;0;0;0m [38;2;0;0;0m [38;2;0;0;0m [38;2;34;37;27m▐[38;2;128;154;112m▇[38;2;93;97;63m▙[38;2;151;127;64m▟[38;2;118;142;103m▇[38;2;104;126;92m▌[38;2;8;8;8m▏[38;2;0;0;0m [38;2;0;0;0m [38;2;0;0;0m [38;2;0;0;0m [38;2;0;0;0m [38;2;0;0;0m [38;2;0;0;0m [0m
[38;2;0;0;0m [38;2;0;0;0m [38;2;0;0;0m [38;2;0;0;0m [38;2;0;0;0m [38;2;6;7;7m▁[38;2;81;97;73m▗[38;2;117;140;103m▅[38;2;114;136;100m▆[38;2;121;145;105m▅[38;2;107;129;93m▄[38;2;21;27;23m▖[38;2;0;0;0m [38;2;0;0;0m [38;2;19;24;21m▐[38;2;123;147;108m▇[38;2;128;130;83m▛[38;2;116;100;52m▘[38;2;106;128;93m▟[38;2;129;155;112m▋[38;2;34;40;34m▏[38;2;0;0;0m [38;2;0;0;0m [38;2;0;0;0m [38;2;0;0;0m [38;2;0;0;0m [38;2;0;0;0m [38;2;0;0;0m [0m
[38;2;0;0;0m [38;2;0;0;0m [38;2;0;0;0m [38;2;0;0;0m [38;2;0;0;0m [38;2;175;208;156m⎛[38;2;133;157;118m▇[38;2;90;96;71m▇[38;2;134;65;48m▆[38;2;121;83;61m▆[38;2;122;147;105m▇[38;2;154;188;135m▏[38;2;0;0;0m [38;2;42;53;45m⎛[38;2;154;127;63m▟[38;2;109;108;67m▛[38;2;124;149;108m▇[38;2;72;89;65m▄[38;2;123;148;106m▇[38;2;83;103;75m▍[38;2;0;0;0m [38;2;0;0;0m [38;2;0;0;0m [38;2;0;0;0m [38;2;0;0;0m [38;2;0;0;0m [38;2;0;0;0m [38;2;0;0;0m [0m
[38;2;0;0;0m [38;2;0;0;0m [38;2;0;0;0m [38;2;0;0;0m [38;2;0;0;0m [38;2;168;200;150m⎝[38;2;130;155;114m▇[38;2;113;124;85m▛[38;2;126;150;111m▟[38;2;96;104;71m▇[38;2;192;153;72m▄[38;2;184;149;72m▂[38;2;183;151;75m▁[38;2;112;101;55m▁[38;2;132;129;79m▇[38;2;97;118;86m▇[38;2;139;166;121m▐[38;2;135;161;117m▋[38;2;141;169;123m▘[38;2;15;19;16m▏[38;2;0;0;0m [38;2;0;0;0m [38;2;0;0;0m [38;2;0;0;0m [38;2;0;0;0m [38;2;0;0;0m [38;2;0;0;0m [38;2;0;0;0m [0m
[38;2;0;0;0m [38;2;0;0;0m [38;2;0;0;0m [38;2;0;0;0m [38;2;0;0;0m [38;2;7;9;8m⏉[38;2;104;123;92m▝[38;2;127;150;111m▜[38;2;112;133;98m▇[38;2;113;135;99m▃[38;2;156;186;136m▁[38;2;247;233;143m▓[38;2;123;118;71m▇[38;2;118;137;99m▇[38;2;98;118;86m▇[38;2;121;145;106m▄[38;2;108;130;95m▇[38;2;101;122;89m▘[38;2;2;3;3m▏[38;2;0;0;0m [38;2;0;0;0m [38;2;0;0;0m [38;2;0;0;0m [38;2;0;0;0m [38;2;0;0;0m [38;2;0;0;0m [38;2;0;0;0m [38;2;0;0;0m [0m
[38;2;0;0;0m [38;2;0;0;0m [38;2;0;0;0m [38;2;0;0;0m [38;2;0;0;0m [38;2;0;0;0m [38;2;0;0;0m [38;2;8;10;9m▝[38;2;62;75;57m▝[38;2;110;131;96m▀[38;2;138;164;120m▀[38;2;139;165;120m▀[38;2;109;130;96m▀[38;2;58;72;54m▀[38;2;95;114;83m▀[38;2;183;218;158m⏟[38;2;33;37;35m⏝[38;2;0;0;0m [38;2;0;0;0m [38;2;0;0;0m [38;2;0;0;0m [38;2;0;0;0m [38;2;0;0;0m [38;2;0;0;0m [38;2;0;0;0m [38;2;0;0;0m [38;2;0;0;0m [38;2;0;0;0m [0m
