[38;2;0;0;0m [38;2;0;0;0m [38;2;0;0;0m [38;2;0;0;0m [38;2;13;15;13m▂[38;2;98;112;83m▂[38;2;125;142;102m▃[38;2;118;135;97m▃[38;2;123;141;102m▁[38;2;20;23;20m▁[38;2;19;22;20m▁[38;2;80;93;71m▁[38;2;49;58;47m▂[38;2;17;20;18m▁[38;2;0;0;0m [38;2;0;0;0m [38;2;0;0;0m [38;2;0;0;0m [38;2;0;0;0m [38;2;0;0;0m [38;2;5;5;5m▁[38;2;37;43;39m▁[38;2;36;42;38m▁[38;2;2;2;2m▁[38;2;0;0;0m [38;2;0;0;0m [38;2;0;0;0m [38;2;0;0;0m [0m
[38;2;0;0;0m [38;2;0;0;0m [38;2;0;0;0m [38;2;44;49;46m⎛[38;2;96;110;80m▟[38;2;114;111;80m▇[38;2;116;73;53m▇[38;2;103;119;88m▜[38;2;110;126;93m▇[38;2;129;147;106m▙[38;2;90;104;75m▟[38;2;128;128;77m▇[38;2;128;134;87m▇[38;2;113;130;96m▌[38;2;0;0;0m [38;2;0;0;0m [38;2;12;14;13m▁[38;2;42;46;35m▂[38;2;37;42;34m▂[38;2;89;103;77m▃[38;2;125;141;101m▅[38;2;100;103;71m▇[38;2;103;102;68m▇[38;2;89;101;72m▙[38;2;30;34;30m▏[38;2;0;0;0m [38;2;0;0;0m [38;2;0;0;0m [0m
[38;2;0;0;0m [38;2;0;0;0m [38;2;0;0;0m [38;2;5;5;5m⎾[38;2;124;141;101m▝[38;2;90;102;74m▇[38;2;112;129;93m▇[38;2;102;120;88m▟[38;2;249;255;183m▓[38;2;95;103;70m▇[38;2;117;130;90m▇[38;2;156;132;57m▛[38;2;73;83;61m▀[38;2;36;43;35m▘[38;2;0;0;0m [38;2;14;14;14m⎛[38;2;158;134;59m▐[38;2;179;151;64m▛[38;2;119;131;90m▇[38;2;114;132;97m▇[38;2;239;255;203m▓[38;2;95;95;66m▇[38;2;98;95;65m▇[38;2;146;166;115m▘[38;2;16;18;16m▏[38;2;0;0;0m [38;2;0;0;0m [38;2;0;0;0m [0m
[38;2;0;0;0m [38;2;0;0;0m [38;2;0;0;0m [38;2;0;0;0m [38;2;0;0;0m [38;2;55;63;58m▕[38;2;104;121;89m▇[38;2;255;255;183m▓[38;2;161;138;61m▇[38;2;141;123;56m▊[38;2;130;149;108m▇[38;2;130;154;118m▏[38;2;0;0;0m [38;2;0;0;0m [38;2;0;0;0m [38;2;14;17;15m▁[38;2;123;123;75m▐[38;2;119;136;98m▇[38;2;92;99;67m▇[38;2;117;134;97m▟[38;2;132;151;109m▌[38;2;25;28;26m⏉[38;2;13;14;13m⏋[38;2;0;0;0m [38;2;0;0;0m [38;2;0;0;0m [38;2;0;0;0m [38;2;0;0;0m [0m
[38;2;0;0;0m [38;2;0;0;0m [38;2;0;0;0m [38;2;0;0;0m [38;2;0;0;0m [38;2;56;63;59m▕[38;2;105;122;90m▇[38;2;112;108;61m▇[38;2;255;255;176m▓[38;2;132;154;114m▙[38;2;104;122;90m▇[38;2;131;156;118m▏[38;2;0;0;0m [38;2;11;13;12m▁[38;2;85;100;76m▂[38;2;117;136;100m▟[38;2;109;127;93m▛[38;2;237;235;138m▓[38;2;197;162;61m▉[38;2;101;118;87m▛[38;2;45;53;44m▘[38;2;0;0;0m [38;2;0;0;0m [38;2;0;0;0m [38;2;0;0;0m [38;2;0;0;0m [38;2;0;0;0m [38;2;0;0;0m [0m
[38;2;0;0;0m [38;2;0;0;0m [38;2;0;0;0m [38;2;0;0;0m [38;2;0;0;0m [38;2;55;62;58m▕[38;2;105;121;89m▇[38;2;117;110;61m▇[38;2;176;147;61m▛[38;2;93;100;67m▇[38;2;121;142;105m▇[38;2;109;128;95m▄[38;2;74;88;67m▂[38;2;127;148;109m▄[38;2;124;142;103m▆[38;2;103;119;85m▇[38;2;104;117;82m▇[38;2;136;124;63m▇[38;2;170;141;58m▛[38;2;25;29;26m▎[38;2;0;0;0m [38;2;0;0;0m [38;2;0;0;0m [38;2;0;0;0m [38;2;0;0;0m [38;2;0;0;0m [38;2;0;0;0m [38;2;0;0;0m [0m
[38;2;0;0;0m [38;2;0;0;0m [38;2;0;0;0m [38;2;0;0;0m [38;2;0;0;0m [38;2;55;63;59m▕[38;2;106;121;89m▇[38;2;206;236;173m▓[38;2;149;136;70m▜[38;2;121;141;103m▇[38;2;79;93;71m▛[38;2;103;120;88m▜[38;2;120;140;103m▇[38;2;114;132;96m▙[38;2;135;122;60m▇[38;2;235;218;116m▓[38;2;188;156;60m▀[38;2;104;93;46m▀[38;2;16;20;17m▘[38;2;0;0;0m [38;2;0;0;0m [38;2;0;0;0m [38;2;0;0;0m [38;2;0;0;0m [38;2;0;0;0m [38;2;0;0;0m [38;2;0;0;0m [38;2;0;0;0m [0m
[38;2;0;0;0m [38;2;0;0;0m [38;2;0;0;0m [38;2;0;0;0m [38;2;0;0;0m [38;2;54;62;58m▕[38;2;105;121;89m▇[38;2;223;255;197m▓[38;2;117;134;97m▇[38;2;116;107;56m▇[38;2;153;129;55m▙[38;2;145;130;62m▇[38;2;144;124;56m▇[38;2;95;92;54m▛[38;2;122;141;104m▜[38;2;120;138;100m▆[38;2;118;135;97m▃[38;2;31;36;30m▂[38;2;0;0;0m [38;2;0;0;0m [38;2;0;0;0m [38;2;0;0;0m [38;2;0;0;0m [38;2;0;0;0m [38;2;0;0;0m [38;2;0;0;0m [38;2;0;0;0m [38;2;0;0;0m [0m
[38;2;0;0;0m [38;2;0;0;0m [38;2;0;0;0m [38;2;0;0;0m [38;2;0;0;0m [38;2;54;62;57m▕[38;2;106;122;89m▇[38;2;255;255;195m▓[38;2;168;141;60m▇[38;2;139;123;57m▋[38;2;154;153;89m▇[38;2;33;39;34m▛[38;2;46;52;48m⏟[38;2;0;0;0m [38;2;86;100;76m▝[38;2;113;132;98m▇[38;2;114;123;83m▜[38;2;117;133;95m▇[38;2;89;101;74m▄[38;2;13;15;13m▖[38;2;0;0;0m [38;2;0;0;0m [38;2;0;0;0m [38;2;0;0;0m [38;2;0;0;0m [38;2;0;0;0m [38;2;0;0;0m [38;2;0;0;0m [0m
[38;2;0;0;0m [38;2;0;0;0m [38;2;0;0;0m [38;2;0;0;0m [38;2;0;0;0m [38;2;54;61;57m▕[38;2;106;121;88m▇[38;2;125;116;62m▇[38;2;136;121;60m▇[38;2;75;85;60m▇[38;2;136;156;112m▇[38;2;42;50;42m▌[38;2;0;0;0m [38;2;0;0;0m [38;2;13;14;13m⎝[38;2;88;103;78m▜[38;2;102;101;60m▇[38;2;136;119;56m▇[38;2;117;133;96m▇[38;2;100;115;84m▋[38;2;16;18;17m▏[38;2;0;0;0m [38;2;0;0;0m [38;2;0;0;0m [38;2;0;0;0m [38;2;0;0;0m [38;2;0;0;0m [38;2;0;0;0m [0m
[38;2;0;0;0m [38;2;0;0;0m [38;2;0;0;0m [38;2;0;0;0m [38;2;2;2;2m⎳[38;2;74;88;79m⏌[38;2;105;121;88m▇[38;2;216;246;178m▓[38;2;127;113;55m▇[38;2;129;148;107m▟[38;2;111;128;93m▇[38;2;40;49;41m▌[38;2;3;3;3m▁[38;2;0;0;0m [38;2;0;0;0m [38;2;46;50;36m▐[38;2;184;152;62m▇[38;2;95;107;77m▇[38;2;240;255;207m▓[38;2;122;141;103m▊[38;2;55;62;56m▏[38;2;57;58;40m▂[38;2;53;55;39m▂[38;2;20;23;21m▁[38;2;0;0;0m [38;2;0;0;0m [38;2;0;0;0m [38;2;0;0;0m [0m
[38;2;0;0;0m [38;2;0;0;0m [38;2;0;0;0m [38;2;42;48;45m⎛[38;2;85;95;68m▟[38;2;107;108;71m▇[38;2;113;102;66m▇[38;2;231;255;202m▓[38;2;118;134;99m▇[38;2;102;119;89m▇[38;2;92;105;76m▇[38;2;111;121;83m▇[38;2;99;113;81m▋[38;2;26;30;27m▏[38;2;0;0;0m [38;2;65;72;52m▐[38;2;174;145;60m▇[38;2;84;81;46m▇[38;2;113;131;97m▇[38;2;124;143;105m▙[38;2;101;100;60m▇[38;2;136;96;49m▇[38;2;160;114;54m▛[38;2;135;129;70m▊[38;2;42;50;44m▏[38;2;0;0;0m [38;2;0;0;0m [38;2;0;0;0m [0m
[38;2;0;0;0m [38;2;0;0;0m [38;2;0;0;0m [38;2;36;41;38m⎝[38;2;79;89;65m▜[38;2;100;109;76m▇[38;2;237;254;178m▓[38;2;108;126;93m▇[38;2;104;84;63m▇[38;2;103;95;71m▇[38;2;98;116;86m▇[38;2;96;108;76m▇[38;2;86;98;71m▛[38;2;23;26;24m▏[38;2;0;0;0m [38;2;96;109;78m▝[38;2;95;106;75m▇[38;2;105;111;72m▇[38;2;114;131;95m▛[38;2;42;50;41m▀[38;2;129;147;106m▀[38;2;90;104;77m▇[38;2;90;103;75m▇[38;2;150;168;117m▘[38;2;20;24;21m▏[38;2;0;0;0m [38;2;0;0;0m [38;2;0;0;0m [0m
[38;2;0;0;0m [38;2;0;0;0m [38;2;0;0;0m [38;2;0;0;0m [38;2;0;0;0m [38;2;25;29;26m⏉[38;2;40;43;41m⏟[38;2;24;28;26m▝[38;2;109;127;95m▀[38;2;93;110;83m▀[38;2;11;13;12m▀[38;2;31;34;32m⏟[38;2;0;0;0m [38;2;0;0;0m [38;2;0;0;0m [38;2;0;0;0m [38;2;8;9;8m⏉[38;2;23;25;24m⏉[38;2;0;0;0m▏[38;2;0;0;0m [38;2;0;0;0m [38;2;0;0;0m [38;2;0;0;0m [38;2;0;0;0m [38;2;0;0;0m [38;2;0;0;0m [38;2;0;0;0m [38;2;0;0;0m [0m
