[38;2;0;0;0m [38;2;0;0;0m [38;2;0;0;0m [38;2;0;0;0m [38;2;0;0;0m [38;2;12;15;14m▂[38;2;132;155;118m▁[38;2;145;169;128m▂[38;2;125;146;111m▃[38;2;132;155;117m▂[38;2;40;50;41m▂[38;2;75;91;72m▁[38;2;155;181;137m▁[38;2;165;193;146m▁[38;2;135;158;120m▁[38;2;33;42;36m▂[38;2;26;31;28m▁[38;2;0;0;0m╱[38;2;0;0;0m [38;2;25;31;27m▂[38;2;116;136;103m▂[38;2;153;179;136m▁[38;2;18;23;20m▂[38;2;0;0;0m [38;2;0;0;0m [38;2;0;0;0m [38;2;0;0;0m [38;2;0;0;0m [0m
[38;2;0;0;0m [38;2;0;0;0m [38;2;0;0;0m [38;2;0;0;0m [38;2;21;26;24m▗[38;2;120;141;107m▟[38;2;119;123;84m▇[38;2;185;149;75m▃[38;2;136;161;127m▓[38;2;106;125;95m▇[38;2;114;134;102m▇[38;2;104;122;92m▇[38;2;134;132;87m▇[38;2;116;126;90m▛[38;2;142;165;125m▀[38;2;113;132;101m▜[38;2;119;139;106m▆[38;2;133;155;118m▄[38;2;113;133;102m▂[38;2;95;109;83m▐[38;2;109;105;79m▇[38;2;114;99;75m▇[38;2;126;148;111m▙[38;2;21;26;24m▍[38;2;0;0;0m [38;2;0;0;0m [38;2;0;0;0m [38;2;0;0;0m [0m
[38;2;0;0;0m [38;2;0;0;0m [38;2;0;0;0m [38;2;0;0;0m [38;2;17;22;20m▐[38;2;111;130;99m▇[38;2;99;118;91m▖[38;2;117;114;73m▇[38;2;171;139;70m▇[38;2;102;103;70m▛[38;2;108;127;97m▐[38;2;130;152;115m▇[38;2;90;80;48m▀[38;2;209;168;84m▀[38;2;147;122;64m▆[38;2;173;141;73m▟[38;2;135;113;60m▇[38;2;54;60;47m▇[38;2;121;138;104m▜[38;2;109;128;98m▇[38;2;118;119;90m▇[38;2;107;121;92m▇[38;2;89;105;81m▛[38;2;17;21;19m▘[38;2;0;0;0m [38;2;0;0;0m [38;2;0;0;0m [38;2;0;0;0m [0m
[38;2;0;0;0m [38;2;0;0;0m [38;2;0;0;0m [38;2;0;0;0m [38;2;0;0;0m [38;2;66;79;71m⏉[38;2;133;155;117m▐[38;2;134;157;118m▉[38;2;121;103;57m▝[38;2;126;114;68m▇[38;2;120;141;107m▇[38;2;100;119;91m▛[38;2;165;135;70m▀[38;2;214;171;85m▀[38;2;151;125;67m▀[38;2;53;53;38m▀[38;2;158;130;68m▀[38;2;195;156;78m▀[38;2;179;145;74m▀[38;2;129;110;60m▘[38;2;16;20;18m▀[38;2;49;57;53m⏟[38;2;0;0;0m▏[38;2;0;0;0m [38;2;0;0;0m [38;2;0;0;0m [38;2;0;0;0m [38;2;0;0;0m [0m
[38;2;0;0;0m [38;2;0;0;0m [38;2;0;0;0m [38;2;0;0;0m [38;2;0;0;0m [38;2;27;30;29m⎝[38;2;108;127;97m▐[38;2;132;154;116m▇[38;2;81;97;75m▟[38;2;115;136;103m▇[38;2;178;161;96m▚[38;2;202;167;86m▍[38;2;0;0;0m [38;2;0;0;0m [38;2;0;0;0m [38;2;0;0;0m [38;2;0;0;0m [38;2;0;0;0m [38;2;0;0;0m [38;2;0;0;0m [38;2;0;0;0m [38;2;0;0;0m [38;2;0;0;0m [38;2;0;0;0m [38;2;0;0;0m [38;2;0;0;0m [38;2;0;0;0m [38;2;0;0;0m [0m
[38;2;0;0;0m [38;2;0;0;0m [38;2;0;0;0m [38;2;0;0;0m [38;2;0;0;0m [38;2;0;0;0m [38;2;108;130;100m▕[38;2;97;115;88m▇[38;2;125;146;111m▇[38;2;118;138;105m▄[38;2;188;151;76m▐[38;2;228;180;88m▍[38;2;33;42;38m▁[38;2;24;30;28m▂[38;2;23;28;26m▂[38;2;29;35;32m▁[38;2;1;1;1m▁[38;2;9;10;9m▁[38;2;77;93;72m▃[38;2;130;153;115m▄[38;2;130;152;115m▄[38;2;79;94;73m▃[38;2;14;17;15m▏[38;2;0;0;0m [38;2;0;0;0m [38;2;0;0;0m [38;2;0;0;0m [38;2;0;0;0m [0m
[38;2;0;0;0m [38;2;0;0;0m [38;2;0;0;0m [38;2;0;0;0m [38;2;0;0;0m [38;2;0;0;0m [38;2;146;173;132m▕[38;2;137;160;121m▇[38;2;161;191;147m▏[38;2;110;129;98m▜[38;2;108;127;97m▇[38;2;120;141;107m▆[38;2;104;122;92m▇[38;2;96;113;87m▇[38;2;97;114;88m▇[38;2;112;131;101m▆[38;2;127;149;113m▅[38;2;112;132;101m▃[38;2;95;109;84m▜[38;2;110;76;57m▇[38;2;109;72;54m▇[38;2;132;155;117m▇[38;2;29;37;33m▌[38;2;0;0;0m [38;2;0;0;0m [38;2;0;0;0m [38;2;0;0;0m [38;2;0;0;0m [0m
[38;2;0;0;0m [38;2;0;0;0m [38;2;0;0;0m [38;2;0;0;0m [38;2;0;0;0m [38;2;0;0;0m [38;2;30;38;33m▐[38;2;130;152;115m▇[38;2;235;255;216m▓[38;2;126;149;112m▛[38;2;136;129;81m▜[38;2;166;136;69m▋[38;2;160;130;67m▜[38;2;153;125;65m▆[38;2;188;151;75m▄[38;2;151;124;65m▆[38;2;78;77;51m▛[38;2;128;150;114m▀[38;2;97;115;88m▇[38;2;104;123;94m▆[38;2;93;109;84m▇[38;2;139;163;123m▘[38;2;13;15;14m▘[38;2;0;0;0m [38;2;0;0;0m [38;2;0;0;0m [38;2;0;0;0m [38;2;0;0;0m [0m
[38;2;0;0;0m [38;2;0;0;0m [38;2;0;0;0m [38;2;0;0;0m [38;2;0;0;0m [38;2;0;0;0m [38;2;55;67;54m▗[38;2;110;129;98m▟[38;2;121;142;108m▇[38;2;95;112;86m▙[38;2;194;155;77m▟[38;2;173;141;72m▌[38;2;8;9;8m▏[38;2;27;30;29m⎴[38;2;49;58;54m⎴[38;2;22;24;23m⏟[38;2;13;13;13m⏉[38;2;5;5;5m⏋[38;2;0;0;0m [38;2;0;0;0m╵[38;2;0;0;0m [38;2;0;0;0m [38;2;0;0;0m [38;2;0;0;0m [38;2;0;0;0m [38;2;0;0;0m [38;2;0;0;0m [38;2;0;0;0m [0m
[38;2;0;0;0m [38;2;0;0;0m [38;2;0;0;0m [38;2;0;0;0m [38;2;0;0;0m [38;2;0;0;0m [38;2;114;134;102m▐[38;2;129;151;114m▇[38;2;34;38;30m▇[38;2;185;149;75m▟[38;2;146;125;69m▇[38;2;127;149;113m▖[38;2;13;15;14m▏[38;2;0;0;0m [38;2;0;0;0m [38;2;0;0;0m [38;2;0;0;0m [38;2;0;0;0m [38;2;0;0;0m [38;2;0;0;0m [38;2;0;0;0m [38;2;0;0;0m [38;2;0;0;0m [38;2;0;0;0m [38;2;0;0;0m [38;2;0;0;0m [38;2;0;0;0m [38;2;0;0;0m [0m
[38;2;0;0;0m [38;2;0;0;0m [38;2;0;0;0m [38;2;0;0;0m [38;2;3;3;3m▁[38;2;68;81;64m▂[38;2;81;97;75m▟[38;2;131;153;115m▇[38;2;107;110;75m▇[38;2;210;167;82m▘[38;2;140;164;124m▐[38;2;136;159;119m▊[38;2;159;133;71m▁[38;2;101;91;55m▁[38;2;29;36;33m▁[38;2;0;0;0m╱[38;2;2;2;2m⎳[38;2;21;23;22m▁[38;2;11;12;12m▁[38;2;37;46;39m▁[38;2;112;132;100m▂[38;2;151;177;133m▁[38;2;19;23;20m▂[38;2;0;0;0m [38;2;0;0;0m [38;2;0;0;0m [38;2;0;0;0m [38;2;0;0;0m [0m
[38;2;0;0;0m [38;2;0;0;0m [38;2;0;0;0m [38;2;0;0;0m [38;2;27;35;30m▐[38;2;127;150;113m▇[38;2;223;227;154m▓[38;2;127;114;67m▇[38;2;118;138;105m▇[38;2;85;102;79m▙[38;2;128;150;113m▇[38;2;101;121;92m▌[38;2;180;146;73m▀[38;2;210;167;83m▀[38;2;130;116;68m▇[38;2;116;136;103m▄[38;2;128;150;114m▅[38;2;112;132;100m▆[38;2;123;144;109m▆[38;2;91;109;83m▟[38;2;99;112;85m▇[38;2;116;98;74m▇[38;2;129;152;114m▙[38;2;27;35;31m▖[38;2;0;0;0m [38;2;0;0;0m [38;2;0;0;0m [38;2;0;0;0m [0m
[38;2;0;0;0m [38;2;0;0;0m [38;2;0;0;0m [38;2;0;0;0m [38;2;22;27;24m▐[38;2;115;135;102m▇[38;2;119;125;87m▇[38;2;103;106;72m▇[38;2;118;138;105m▅[38;2;119;140;106m▇[38;2;89;106;82m▜[38;2;118;139;105m▆[38;2;120;141;107m▆[38;2;106;125;96m▇[38;2;110;130;99m▛[38;2;95;113;86m▀[38;2;175;142;72m⏹[38;2;174;141;72m▅[38;2;185;150;78m▂[38;2;104;120;90m▇[38;2;99;94;72m▇[38;2;106;104;78m▙[38;2;136;159;120m▛[38;2;20;26;23m▌[38;2;0;0;0m [38;2;0;0;0m [38;2;0;0;0m [38;2;0;0;0m [0m
[38;2;0;0;0m [38;2;0;0;0m [38;2;0;0;0m [38;2;0;0;0m [38;2;0;0;0m [38;2;23;28;25m▝[38;2;77;92;72m▀[38;2;101;118;91m▀[38;2;67;80;64m▀[38;2;20;25;23m▘[38;2;8;9;8m⏉[38;2;38;43;41m⎴[38;2;47;55;51m⏟[38;2;7;8;7m▘[38;2;0;0;0m [38;2;0;0;0m [38;2;12;14;14m⏉[38;2;52;52;37m▝[38;2;136;117;65m▀[38;2;171;160;95m▀[38;2;149;161;111m▀[38;2;98;116;88m▀[38;2;29;37;32m▘[38;2;0;0;0m [38;2;0;0;0m [38;2;0;0;0m [38;2;0;0;0m [38;2;0;0;0m [0m
