[38;2;0;0;0m [38;2;0;0;0m [38;2;0;0;0m [38;2;0;0;0m [38;2;0;0;0m [38;2;0;0;0m [38;2;0;0;0m [38;2;0;0;0m [38;2;51;62;46m▁[38;2;134;158;112m▂[38;2;121;143;101m▃[38;2;132;155;110m▂[38;2;88;106;75m▁[38;2;42;49;41m⏞[38;2;22;27;22m▁[38;2;101;121;87m▁[38;2;135;159;113m▂[38;2;122;144;102m▃[38;2;136;160;114m▂[38;2;54;66;48m▁[38;2;0;0;0m╱[38;2;0;0;0m [38;2;0;0;0m [38;2;0;0;0m [38;2;0;0;0m [38;2;0;0;0m [38;2;0;0;0m [38;2;0;0;0m [0m
[38;2;0;0;0m [38;2;0;0;0m [38;2;0;0;0m [38;2;0;0;0m [38;2;0;0;0m [38;2;0;0;0m [38;2;0;0;0m [38;2;18;21;18m▐[38;2;109;129;92m▇[38;2;109;85;55m▜[38;2;123;67;38m▇[38;2;87;104;74m▇[38;2;97;114;81m▇[38;2;119;140;99m▆[38;2;112;132;94m▟[38;2;107;127;90m▜[38;2;103;122;87m▊[38;2;142;68;36m▟[38;2;112;86;56m▛[38;2;124;146;104m▉[38;2;25;30;24m▍[38;2;0;0;0m [38;2;0;0;0m [38;2;0;0;0m [38;2;0;0;0m [38;2;0;0;0m [38;2;0;0;0m [38;2;0;0;0m [0m
[38;2;0;0;0m [38;2;0;0;0m [38;2;0;0;0m [38;2;0;0;0m [38;2;0;0;0m [38;2;0;0;0m [38;2;0;0;0m [38;2;25;28;26m⎝[38;2;115;135;97m▝[38;2;124;146;104m▀[38;2;47;49;34m▇[38;2;112;133;94m▉[38;2;190;157;77m▟[38;2;183;151;73m▌[38;2;117;138;98m▜[38;2;131;154;109m▙[38;2;102;121;86m▇[38;2;255;255;198m▒[38;2;125;148;105m▀[38;2;119;141;101m▘[38;2;12;15;12m▏[38;2;0;0;0m [38;2;0;0;0m [38;2;0;0;0m [38;2;0;0;0m [38;2;0;0;0m [38;2;0;0;0m [38;2;0;0;0m [0m
[38;2;0;0;0m [38;2;0;0;0m [38;2;0;0;0m [38;2;0;0;0m [38;2;0;0;0m [38;2;0;0;0m [38;2;0;0;0m [38;2;0;0;0m [38;2;0;0;0m [38;2;0;0;0m [38;2;137;163;115m▕[38;2;130;153;108m▇[38;2;139;118;60m▜[38;2;136;125;71m▙[38;2;134;158;112m▟[38;2;101;120;86m▛[38;2;129;152;107m▇[38;2;216;255;179m▏[38;2;0;0;0m [38;2;0;0;0m [38;2;0;0;0m [38;2;0;0;0m [38;2;0;0;0m [38;2;0;0;0m [38;2;0;0;0m [38;2;0;0;0m [38;2;0;0;0m [38;2;0;0;0m [0m
[38;2;0;0;0m [38;2;0;0;0m [38;2;0;0;0m [38;2;0;0;0m [38;2;0;0;0m [38;2;0;0;0m [38;2;0;0;0m [38;2;0;0;0m [38;2;0;0;0m [38;2;0;0;0m [38;2;156;187;132m⎾[38;2;110;130;92m▇[38;2;123;144;103m▟[38;2;122;144;102m▛[38;2;107;102;59m▜[38;2;184;151;74m▙[38;2;122;132;87m▇[38;2;170;203;143m▏[38;2;0;0;0m [38;2;0;0;0m [38;2;0;0;0m [38;2;0;0;0m [38;2;0;0;0m [38;2;0;0;0m [38;2;0;0;0m [38;2;0;0;0m [38;2;0;0;0m [38;2;0;0;0m [0m
[38;2;0;0;0m [38;2;0;0;0m [38;2;0;0;0m [38;2;0;0;0m [38;2;0;0;0m [38;2;0;0;0m [38;2;0;0;0m [38;2;0;0;0m [38;2;0;0;0m [38;2;0;0;0m [38;2;202;238;169m⎛[38;2;132;155;110m▇[38;2;90;108;77m▇[38;2;115;136;96m▃[38;2;123;145;103m▗[38;2;118;125;81m▛[38;2;202;164;79m▇[38;2;255;215;106m▏[38;2;0;0;0m [38;2;0;0;0m [38;2;0;0;0m [38;2;0;0;0m [38;2;0;0;0m [38;2;0;0;0m [38;2;0;0;0m [38;2;0;0;0m [38;2;0;0;0m [38;2;0;0;0m [0m
[38;2;0;0;0m [38;2;0;0;0m [38;2;0;0;0m [38;2;0;0;0m [38;2;0;0;0m [38;2;0;0;0m [38;2;0;0;0m [38;2;0;0;0m [38;2;0;0;0m [38;2;0;0;0m [38;2;101;122;91m⏉[38;2;107;126;90m▇[38;2;113;133;94m▄[38;2;100;119;85m▇[38;2;110;130;93m▇[38;2;151;131;68m▄[38;2;186;152;73m▇[38;2;158;140;76m▏[38;2;0;0;0m [38;2;0;0;0m [38;2;0;0;0m [38;2;0;0;0m [38;2;0;0;0m [38;2;0;0;0m [38;2;0;0;0m [38;2;0;0;0m [38;2;0;0;0m [38;2;0;0;0m [0m
[38;2;0;0;0m [38;2;0;0;0m [38;2;0;0;0m [38;2;0;0;0m [38;2;0;0;0m [38;2;0;0;0m [38;2;0;0;0m [38;2;0;0;0m [38;2;0;0;0m [38;2;0;0;0m [38;2;41;51;38m▗[38;2;137;161;114m▟[38;2;81;97;69m▇[38;2;116;120;77m▆[38;2;194;159;77m▟[38;2;165;137;68m▛[38;2;127;150;106m▅[38;2;84;102;74m▏[38;2;0;0;0m [38;2;0;0;0m [38;2;0;0;0m [38;2;0;0;0m [38;2;0;0;0m [38;2;0;0;0m [38;2;0;0;0m [38;2;0;0;0m [38;2;0;0;0m [38;2;0;0;0m [0m
[38;2;0;0;0m [38;2;0;0;0m [38;2;0;0;0m [38;2;0;0;0m [38;2;0;0;0m [38;2;0;0;0m [38;2;0;0;0m [38;2;0;0;0m [38;2;0;0;0m [38;2;0;0;0m [38;2;233;255;196m⎾[38;2;133;156;110m▇[38;2;128;113;60m▟[38;2;166;138;68m▛[38;2;88;97;66m▜[38;2;93;111;79m▙[38;2;133;157;111m▇[38;2;170;204;144m▏[38;2;0;0;0m [38;2;0;0;0m [38;2;0;0;0m [38;2;0;0;0m [38;2;0;0;0m [38;2;0;0;0m [38;2;0;0;0m [38;2;0;0;0m [38;2;0;0;0m [38;2;0;0;0m [0m
[38;2;0;0;0m [38;2;0;0;0m [38;2;0;0;0m [38;2;0;0;0m [38;2;0;0;0m [38;2;0;0;0m [38;2;0;0;0m [38;2;0;0;0m [38;2;0;0;0m [38;2;0;0;0m [38;2;87;105;75m▕[38;2;107;127;90m▇[38;2;116;136;97m▇[38;2;117;138;98m▃[38;2;115;135;96m▗[38;2;112;132;94m▇[38;2;107;127;90m▇[38;2;116;143;102m▏[38;2;0;0;0m [38;2;0;0;0m [38;2;0;0;0m [38;2;0;0;0m [38;2;0;0;0m [38;2;0;0;0m [38;2;0;0;0m [38;2;0;0;0m [38;2;0;0;0m [38;2;0;0;0m [0m
[38;2;0;0;0m [38;2;0;0;0m [38;2;0;0;0m [38;2;0;0;0m [38;2;0;0;0m [38;2;0;0;0m [38;2;0;0;0m [38;2;0;0;0m [38;2;0;0;0m [38;2;0;0;0m [38;2;150;178;126m▕[38;2;132;156;110m▇[38;2;173;144;71m▗[38;2;125;125;77m▇[38;2;117;138;98m▇[38;2;124;146;104m▖[38;2;133;157;111m▇[38;2;195;233;164m▏[38;2;0;0;0m [38;2;0;0;0m [38;2;0;0;0m [38;2;0;0;0m [38;2;0;0;0m [38;2;0;0;0m [38;2;0;0;0m [38;2;0;0;0m [38;2;0;0;0m [38;2;0;0;0m [0m
[38;2;0;0;0m [38;2;0;0;0m [38;2;0;0;0m [38;2;0;0;0m [38;2;0;0;0m [38;2;0;0;0m [38;2;0;0;0m [38;2;19;21;19m⎛[38;2;72;87;62m▃[38;2;116;137;97m▄[38;2;53;57;40m▟[38;2;113;134;95m▉[38;2;175;145;71m▇[38;2;217;177;86m▍[38;2;114;135;96m▐[38;2;130;153;109m▉[38;2;101;120;85m▇[38;2;54;58;41m▙[38;2;117;138;98m▄[38;2;90;108;77m▖[38;2;12;14;12m▏[38;2;0;0;0m [38;2;0;0;0m [38;2;0;0;0m [38;2;0;0;0m [38;2;0;0;0m [38;2;0;0;0m [38;2;0;0;0m [0m
[38;2;0;0;0m [38;2;0;0;0m [38;2;0;0;0m [38;2;0;0;0m [38;2;0;0;0m [38;2;0;0;0m [38;2;0;0;0m [38;2;21;26;21m▐[38;2;118;139;99m▇[38;2;225;184;121m▓[38;2;150;68;34m▛[38;2;97;116;82m▟[38;2;91;103;71m▇[38;2;138;128;73m▇[38;2;131;136;87m▇[38;2;243;255;201m▓[38;2;100;119;85m▊[38;2;122;61;33m▇[38;2;83;71;47m▇[38;2;124;146;104m▉[38;2;25;30;25m▍[38;2;0;0;0m [38;2;0;0;0m [38;2;0;0;0m [38;2;0;0;0m [38;2;0;0;0m [38;2;0;0;0m [38;2;0;0;0m [0m
[38;2;0;0;0m [38;2;0;0;0m [38;2;0;0;0m [38;2;0;0;0m [38;2;0;0;0m [38;2;0;0;0m [38;2;0;0;0m [38;2;6;6;6m⎾[38;2;58;71;51m▝[38;2;121;142;101m▀[38;2;139;163;115m▀[38;2;117;138;98m▀[38;2;65;78;57m▀[38;2;15;18;15m▀[38;2;17;21;17m▀[38;2;74;88;64m▀[38;2;123;145;103m▀[38;2;139;163;115m▀[38;2;114;134;95m▀[38;2;48;59;43m▘[38;2;1;1;1m▏[38;2;0;0;0m [38;2;0;0;0m [38;2;0;0;0m [38;2;0;0;0m [38;2;0;0;0m [38;2;0;0;0m [38;2;0;0;0m [0m
